0.015714	0.015666	0.033037	0.029919	0.039021	0.024119	0.037344	0.040074	0.062747	0.041213	0.038447	0.069279	0.103456	0.056085	0.054427	0.111154	0.037172	0.070099	0.053149	0.067878	
0.020156	0.019472	0.032968	0.020301	0.017016	0.022307	0.032038	0.031009	0.045881	0.078362	0.041214	0.073904	0.106935	0.060504	0.032803	0.098196	0.022574	0.093620	0.070238	0.080502	
0.086060	0.098881	0.044542	0.010409	0.013148	0.174229	0.077239	0.019232	0.040148	0.048300	0.009943	0.070562	0.060497	0.018270	0.012551	0.035227	0.006176	0.069112	0.051046	0.054428	
0.003130	0.003344	0.016053	0.019672	0.019469	0.005250	0.020024	0.021344	0.038371	0.079146	0.085823	0.046451	0.149659	0.100220	0.072144	0.156687	0.045775	0.051199	0.022889	0.043350	
0.002067	0.002461	0.006842	0.025017	0.042679	0.003082	0.019629	0.014784	0.022804	0.041305	0.073366	0.031137	0.108204	0.075407	0.153286	0.197745	0.076240	0.031821	0.029267	0.042859	
0.000408	0.000308	0.002285	0.013655	0.026343	0.000925	0.003117	0.017171	0.007622	0.011073	0.087219	0.006602	0.023730	0.091111	0.276215	0.069494	0.303948	0.009624	0.024080	0.025071	
0.000792	0.001232	0.009519	0.011034	0.010903	0.001148	0.001546	0.015861	0.006380	0.096572	0.165822	0.007570	0.028180	0.293193	0.095064	0.016762	0.203189	0.008520	0.011215	0.015498	
0.000219	0.000206	0.002271	0.011801	0.023689	0.000400	0.001999	0.009552	0.003738	0.016918	0.108470	0.005286	0.029377	0.096223	0.307251	0.053195	0.295014	0.007045	0.011218	0.016128	
0.000237	0.000482	0.003299	0.012080	0.013887	0.000537	0.001193	0.007005	0.003323	0.055779	0.195219	0.002377	0.009530	0.165472	0.122738	0.010812	0.384262	0.002551	0.003875	0.005342	
0.000148	0.000227	0.002205	0.015002	0.016457	0.000277	0.000701	0.006283	0.003517	0.018361	0.130445	0.002859	0.008882	0.133028	0.176204	0.010377	0.460898	0.002997	0.005156	0.005979	
0.000998	0.001952	0.009901	0.018219	0.041093	0.002077	0.002967	0.012315	0.007618	0.038948	0.083642	0.008772	0.038318	0.148547	0.241072	0.040846	0.264510	0.008895	0.013736	0.015573	
0.002269	0.003330	0.019501	0.067638	0.059631	0.002108	0.009199	0.009505	0.012139	0.033973	0.066123	0.008994	0.096973	0.103423	0.190148	0.087666	0.153805	0.010891	0.037223	0.025461	
0.014372	0.005366	0.012916	0.013195	0.029495	0.006904	0.014796	0.025299	0.025794	0.018626	0.023237	0.045888	0.045374	0.014528	0.031379	0.074703	0.020255	0.168670	0.203500	0.205702	
0.007374	0.003412	0.019989	0.019827	0.012076	0.010919	0.024963	0.038250	0.120707	0.043528	0.029121	0.195261	0.035389	0.029162	0.014749	0.034411	0.015857	0.188169	0.057016	0.099819	
0.064363	0.034968	0.023903	0.010897	0.017028	0.173792	0.126391	0.025937	0.035434	0.019713	0.005827	0.095533	0.030115	0.008090	0.011074	0.032826	0.004838	0.141674	0.058654	0.078941	
0.003445	0.001890	0.012334	0.016867	0.022961	0.016478	0.038686	0.076782	0.177362	0.011885	0.013505	0.216941	0.034249	0.027335	0.025902	0.039018	0.015536	0.138731	0.033509	0.076587	
0.005276	0.005374	0.018123	0.027926	0.041490	0.007846	0.046075	0.017966	0.031262	0.055013	0.065779	0.032305	0.118477	0.090100	0.102422	0.204703	0.054715	0.030671	0.017868	0.026608	
0.016719	0.022278	0.050012	0.014835	0.014724	0.024496	0.028671	0.047971	0.057342	0.179999	0.064777	0.056347	0.080090	0.108941	0.031243	0.041094	0.029026	0.055057	0.032961	0.043416	
0.008992	0.009851	0.017833	0.021082	0.020124	0.014202	0.045672	0.021251	0.052381	0.172965	0.109463	0.048017	0.059207	0.110427	0.051225	0.081802	0.048835	0.042614	0.029377	0.034679	
0.088128	0.129186	0.064431	0.006030	0.008979	0.139270	0.033503	0.026347	0.017856	0.106313	0.017357	0.030006	0.066347	0.039632	0.019929	0.024165	0.011166	0.044727	0.063759	0.062870	
0.000651	0.000904	0.002461	0.008991	0.011442	0.001138	0.003903	0.007646	0.007140	0.102925	0.336900	0.007503	0.023596	0.133004	0.091187	0.035336	0.167961	0.017726	0.014785	0.024803	
0.000639	0.000860	0.004172	0.011707	0.011811	0.000534	0.001552	0.009691	0.005232	0.093479	0.246447	0.006179	0.016324	0.178549	0.108991	0.018284	0.255442	0.009286	0.008131	0.012691	
0.000146	0.000129	0.001742	0.018535	0.038483	0.000714	0.002174	0.022917	0.010709	0.005745	0.059093	0.008817	0.011062	0.074105	0.265480	0.023220	0.409326	0.007666	0.017396	0.022542	
0.000596	0.000774	0.008602	0.025698	0.016524	0.000389	0.000762	0.011540	0.006613	0.062707	0.256586	0.004817	0.011201	0.157264	0.067083	0.008666	0.331273	0.005914	0.010953	0.012040	
0.017376	0.013937	0.018850	0.022526	0.025637	0.011088	0.112551	0.008863	0.018314	0.060003	0.043279	0.018715	0.103776	0.049774	0.083432	0.308349	0.038114	0.013359	0.018221	0.013838	
0.037013	0.074615	0.065438	0.009143	0.012919	0.282790	0.067090	0.020460	0.048590	0.075344	0.010682	0.065814	0.056353	0.021961	0.009727	0.022540	0.005827	0.053554	0.025329	0.034811	
0.010530	0.008268	0.024634	0.011299	0.013866	0.008331	0.015029	0.042803	0.018011	0.076478	0.074448	0.032259	0.100042	0.106893	0.068147	0.081582	0.046568	0.081867	0.079069	0.099876	
0.003485	0.001654	0.010136	0.020119	0.038948	0.003742	0.013522	0.056647	0.064718	0.012501	0.034390	0.060867	0.048221	0.038961	0.099424	0.126376	0.061250	0.087807	0.096592	0.120640	
0.004981	0.002731	0.011699	0.016715	0.027974	0.005369	0.013019	0.040882	0.035599	0.041539	0.065486	0.057609	0.051257	0.062629	0.064940	0.110384	0.059186	0.125102	0.080605	0.122293	
0.021085	0.014573	0.035729	0.028807	0.039340	0.049572	0.057754	0.043937	0.155399	0.023605	0.011346	0.189479	0.039948	0.020291	0.022931	0.035834	0.013947	0.086536	0.049000	0.060886	
0.009174	0.010178	0.017000	0.117308	0.016197	0.004131	0.056423	0.008065	0.016048	0.071592	0.068386	0.011058	0.108565	0.055810	0.064430	0.164570	0.046524	0.026543	0.086126	0.041872	
0.004036	0.000744	0.005523	0.002237	0.019132	0.003940	0.007116	0.008080	0.024942	0.002514	0.002020	0.120688	0.062970	0.003114	0.011088	0.089270	0.002100	0.327974	0.124483	0.178028	
0.005660	0.003357	0.009994	0.047259	0.063525	0.021747	0.084880	0.040883	0.161269	0.016204	0.017307	0.154103	0.016908	0.011074	0.028756	0.027216	0.021676	0.130595	0.048902	0.088684	
0.005572	0.002037	0.010494	0.014101	0.016383	0.008956	0.025641	0.044900	0.072636	0.018565	0.019981	0.124537	0.041256	0.031967	0.038136	0.079388	0.022235	0.221313	0.084525	0.117378	
0.009673	0.003723	0.008263	0.014322	0.036284	0.047809	0.092537	0.046447	0.093252	0.013194	0.012972	0.181895	0.025013	0.019034	0.027031	0.041653	0.014538	0.170392	0.050163	0.091806	
0.002104	0.001896	0.022506	0.020310	0.025229	0.003500	0.011203	0.054349	0.067716	0.044754	0.056475	0.061737	0.105237	0.119848	0.086962	0.129638	0.058102	0.058293	0.026328	0.043813	
0.004315	0.003395	0.025159	0.010394	0.015174	0.010295	0.020425	0.053589	0.099287	0.064865	0.037834	0.124981	0.100646	0.087335	0.040106	0.108581	0.024776	0.099677	0.025215	0.043951	
0.098096	0.209382	0.067786	0.005726	0.006086	0.182983	0.041484	0.009855	0.013468	0.119788	0.011057	0.029371	0.068251	0.023336	0.008483	0.022270	0.004166	0.030981	0.025262	0.022169	
0.000378	0.000372	0.003026	0.013587	0.026033	0.000654	0.003127	0.010571	0.008943	0.027470	0.150198	0.009272	0.036889	0.126518	0.209572	0.093175	0.219994	0.018013	0.016800	0.025409	
0.000723	0.001172	0.007513	0.022409	0.033856	0.001612	0.003584	0.015747	0.012914	0.043676	0.116109	0.013233	0.027629	0.170950	0.186830	0.041822	0.258436	0.009679	0.015302	0.016805	
0.000326	0.000189	0.001871	0.006274	0.132497	0.000546	0.003849	0.002307	0.002307	0.002476	0.014021	0.001831	0.036268	0.017524	0.429620	0.216064	0.102761	0.004434	0.013339	0.011496	
0.000376	0.000107	0.002715	0.000532	0.001135	0.001183	0.000327	0.271967	0.065785	0.002793	0.002790	0.134185	0.002039	0.005288	0.001767	0.001594	0.002924	0.178485	0.064043	0.259966	
0.004553	0.011204	0.003391	0.012197	0.003044	0.005695	0.012437	0.014727	0.011369	0.466831	0.263087	0.020763	0.004729	0.046302	0.008600	0.004175	0.025010	0.040774	0.013731	0.027381	
0.001005	0.000679	0.004884	0.038680	0.019482	0.000323	0.001380	0.036347	0.012964	0.025821	0.251935	0.013330	0.014478	0.078038	0.085570	0.032277	0.274336	0.025243	0.032887	0.050340	
0.001241	0.001701	0.014358	0.177592	0.038155	0.000549	0.007887	0.006443	0.011575	0.025112	0.069327	0.005600	0.108570	0.094646	0.116122	0.139102	0.114135	0.006967	0.042656	0.018263	
0.013621	0.001241	0.006232	0.001455	0.017939	0.001252	0.006114	0.003661	0.005766	0.001715	0.001690	0.028476	0.063897	0.001280	0.014143	0.321534	0.001936	0.207695	0.165833	0.134521	
0.003002	0.003815	0.005664	0.015319	0.033298	0.132984	0.088823	0.021987	0.256536	0.006466	0.002344	0.287895	0.005496	0.002657	0.003414	0.005646	0.002099	0.079893	0.012290	0.030370	
0.001591	0.005094	0.048152	0.015282	0.004670	0.001614	0.005821	0.007366	0.006545	0.043589	0.012870	0.004961	0.475061	0.086563	0.042098	0.121234	0.011639	0.011304	0.061536	0.033009	
0.000675	0.000059	0.000362	0.000167	0.001311	0.000240	0.000479	0.002351	0.002334	0.000138	0.000137	0.007046	0.002520	0.000156	0.000658	0.004293	0.000182	0.107624	0.474494	0.394772	
0.000263	0.000062	0.000134	0.000342	0.000675	0.001021	0.001002	0.007270	0.005025	0.000415	0.000494	0.016737	0.000729	0.000507	0.000673	0.000998	0.000463	0.149839	0.296480	0.516872	
0.000425	0.000109	0.000480	0.001030	0.000920	0.000506	0.000835	0.015325	0.007348	0.000457	0.000721	0.019911	0.001336	0.000831	0.000887	0.001780	0.000814	0.092335	0.376769	0.477181	
0.000940	0.000241	0.000734	0.001684	0.002185	0.002288	0.004140	0.016354	0.021096	0.000837	0.000916	0.060264	0.001869	0.000824	0.000993	0.002673	0.000815	0.254006	0.248246	0.378896	
0.000773	0.000126	0.003309	0.002053	0.009096	0.000824	0.003760	0.012681	0.069120	0.001947	0.001310	0.369167	0.010007	0.001405	0.003273	0.021476	0.001206	0.351584	0.037094	0.099790	
0.010459	0.009213	0.004856	0.001976	0.005377	0.450500	0.303152	0.021440	0.030684	0.002283	0.000369	0.046351	0.007187	0.001790	0.003058	0.007508	0.000646	0.037272	0.023663	0.032217	
0.000911	0.000452	0.004496	0.008879	0.016104	0.002616	0.006505	0.123137	0.091647	0.005133	0.011941	0.142583	0.012951	0.016771	0.019149	0.011687	0.015676	0.201695	0.076986	0.230681	
0.004117	0.005658	0.021362	0.018504	0.041381	0.006536	0.013116	0.019489	0.027048	0.100729	0.074488	0.039383	0.091308	0.157450	0.106748	0.104876	0.072474	0.038452	0.023624	0.033256	
0.002024	0.005135	0.043012	0.009580	0.003205	0.002306	0.003955	0.015274	0.014111	0.143871	0.063530	0.011262	0.178931	0.361587	0.031632	0.038503	0.030492	0.011120	0.016586	0.013884	
0.002259	0.000420	0.001945	0.002585	0.006607	0.000681	0.008600	0.005562	0.007628	0.003605	0.008016	0.018201	0.052533	0.007871	0.029581	0.572905	0.007772	0.058405	0.120865	0.083959	
0.015387	0.023777	0.018584	0.004097	0.007455	0.617729	0.044693	0.008142	0.028896	0.009616	0.000980	0.096570	0.013669	0.002714	0.002466	0.004981	0.001050	0.054047	0.018319	0.026827	
0.000405	0.000497	0.009652	0.005179	0.022996	0.001244	0.004380	0.010607	0.016552	0.007138	0.008838	0.028596	0.262306	0.032451	0.080104	0.415743	0.014049	0.029467	0.016822	0.032973	
0.000270	0.000292	0.003527	0.009381	0.017530	0.000624	0.003279	0.009278	0.005723	0.043021	0.150492	0.004997	0.031688	0.191712	0.208995	0.040090	0.244725	0.008943	0.010847	0.014588	
0.000256	0.000279	0.002179	0.010627	0.056405	0.000664	0.001942	0.007536	0.004226	0.007888	0.040375	0.004944	0.030186	0.064202	0.404803	0.104033	0.209856	0.008187	0.020085	0.021327	
0.000340	0.000287	0.011270	0.002737	0.007360	0.001587	0.000567	0.316637	0.088367	0.011819	0.017203	0.105940	0.015252	0.062780	0.028296	0.008247	0.038894	0.073657	0.044783	0.163977	
0.000487	0.003172	0.003545	0.005829	0.002160	0.000395	0.000722	0.001488	0.001262	0.415169	0.328141	0.001830	0.014901	0.138165	0.020367	0.005013	0.046495	0.003542	0.003444	0.003874	
0.000872	0.000378	0.004705	0.055013	0.015143	0.000141	0.001158	0.005571	0.019013	0.032125	0.443313	0.007454	0.004664	0.047660	0.025728	0.007706	0.308431	0.006601	0.005672	0.008652	
0.089285	0.010559	0.009845	0.012635	0.011907	0.027199	0.751796	0.002044	0.007316	0.010606	0.004991	0.006722	0.006822	0.002345	0.006609	0.020018	0.005250	0.005977	0.004424	0.003651	
0.008158	0.010309	0.007978	0.002780	0.004436	0.607115	0.099184	0.007407	0.062145	0.008090	0.000908	0.097593	0.010248	0.003964	0.002107	0.004477	0.000889	0.035946	0.010995	0.015271	
0.000315	0.000242	0.005230	0.007649	0.013658	0.000235	0.000883	0.019862	0.003930	0.011340	0.086060	0.003128	0.027792	0.164478	0.274886	0.051640	0.290663	0.006383	0.015022	0.016602	
0.000983	0.001026	0.004098	0.006274	0.060263	0.001241	0.011154	0.002191	0.002597	0.006226	0.007232	0.004101	0.105490	0.015895	0.252547	0.467576	0.028699	0.005079	0.010291	0.007035	
0.000864	0.000502	0.011326	0.031605	0.048299	0.002136	0.004741	0.056240	0.112929	0.013354	0.045254	0.063524	0.040851	0.061302	0.082265	0.069035	0.093419	0.071931	0.082722	0.107701	
0.011573	0.003445	0.016393	0.006505	0.013488	0.006339	0.007855	0.039944	0.032992	0.019575	0.014645	0.080951	0.041776	0.020615	0.021294	0.057609	0.012445	0.209692	0.192569	0.190294	
0.008157	0.005468	0.017377	0.045835	0.033488	0.024942	0.091833	0.033536	0.232329	0.024062	0.014277	0.184025	0.019523	0.015019	0.015877	0.022992	0.013379	0.096689	0.041688	0.059506	
0.003964	0.002810	0.013102	0.011768	0.026756	0.010928	0.026276	0.048846	0.069120	0.026950	0.022514	0.102539	0.068043	0.027014	0.025226	0.075444	0.012992	0.190184	0.081998	0.153527	
0.002159	0.003089	0.038824	0.009609	0.011251	0.003086	0.004179	0.026937	0.058765	0.049315	0.018745	0.078863	0.184750	0.077030	0.027778	0.056950	0.014107	0.085339	0.115565	0.133657	
0.002802	0.000877	0.000762	0.000851	0.002512	0.002347	0.004132	0.004214	0.003394	0.000924	0.000758	0.006238	0.003676	0.000626	0.002123	0.007606	0.000820	0.053564	0.551057	0.350718	
0.000241	0.000075	0.000137	0.000179	0.000363	0.000589	0.000697	0.003914	0.001638	0.000338	0.000315	0.003294	0.000584	0.000350	0.000469	0.000668	0.000345	0.045302	0.420563	0.519937	
0.000095	0.000024	0.000034	0.000025	0.000072	0.000106	0.000096	0.001785	0.000606	0.000042	0.000023	0.002093	0.000102	0.000019	0.000028	0.000100	0.000017	0.034274	0.358516	0.601942	
0.000012	0.000002	0.000003	0.000005	0.000008	0.000032	0.000021	0.001326	0.000363	0.000003	0.000002	0.000924	0.000007	0.000003	0.000004	0.000008	0.000003	0.016513	0.479502	0.501257	
0.000007	0.000001	0.000001	0.000002	0.000003	0.000006	0.000004	0.000312	0.000060	0.000001	0.000001	0.000272	0.000003	0.000001	0.000001	0.000004	0.000001	0.010719	0.616369	0.372233	
0.000006	0.000001	0.000001	0.000002	0.000007	0.000007	0.000008	0.000420	0.000123	0.000001	0.000001	0.000781	0.000006	0.000001	0.000002	0.000008	0.000001	0.023338	0.438116	0.537171	
0.000009	0.000001	0.000004	0.000003	0.000010	0.000014	0.000008	0.001187	0.000272	0.000002	0.000001	0.001983	0.000013	0.000002	0.000003	0.000013	0.000002	0.038250	0.442728	0.515493	
0.000038	0.000006	0.000035	0.000056	0.000102	0.000056	0.000046	0.004827	0.001869	0.000013	0.000018	0.007946	0.000072	0.000029	0.000046	0.000105	0.000034	0.077931	0.423303	0.483468	
0.000201	0.000029	0.000136	0.000171	0.000763	0.000226	0.000419	0.005839	0.003838	0.000073	0.000080	0.041677	0.000571	0.000094	0.000254	0.001345	0.000102	0.300626	0.217702	0.425853	
0.000384	0.000203	0.001445	0.002050	0.003520	0.003636	0.003359	0.027676	0.086750	0.000484	0.000266	0.323232	0.004162	0.000642	0.000793	0.003778	0.000302	0.280664	0.068306	0.188345	
0.002730	0.001771	0.032678	0.006783	0.015746	0.003178	0.010638	0.023021	0.038964	0.019249	0.008279	0.113545	0.219785	0.028740	0.027752	0.172360	0.006890	0.140247	0.048139	0.079504	
0.010474	0.005676	0.012475	0.029748	0.071290	0.070826	0.192366	0.037334	0.102540	0.013640	0.009155	0.111840	0.031296	0.014953	0.032569	0.034813	0.015269	0.082300	0.052108	0.069329	
0.004394	0.007393	0.052889	0.013580	0.017414	0.006722	0.012475	0.019974	0.038523	0.081249	0.040266	0.034196	0.228810	0.161280	0.074131	0.115938	0.036899	0.021124	0.015003	0.017740	
0.001089	0.001628	0.006196	0.023536	0.030492	0.001764	0.007325	0.014645	0.011042	0.055679	0.134749	0.013121	0.082377	0.132766	0.187758	0.098688	0.136084	0.016496	0.019829	0.024734	
0.000575	0.001029	0.004432	0.014801	0.012942	0.000777	0.001850	0.006904	0.004213	0.066669	0.198971	0.003611	0.019901	0.183027	0.138680	0.025707	0.294115	0.004410	0.008546	0.008840	
0.000171	0.000253	0.002401	0.019941	0.025581	0.000387	0.001277	0.004922	0.002722	0.023555	0.136652	0.002656	0.012789	0.115247	0.202969	0.013604	0.419433	0.003056	0.005144	0.007240	
0.000668	0.001202	0.005014	0.016831	0.044016	0.001449	0.004164	0.003892	0.003412	0.047743	0.118365	0.003549	0.029860	0.121802	0.241278	0.036021	0.300216	0.004647	0.006858	0.009014	
0.000386	0.000481	0.004277	0.013445	0.023963	0.000654	0.001480	0.015771	0.005309	0.030178	0.134896	0.006190	0.019120	0.146001	0.199937	0.020164	0.341580	0.007601	0.011799	0.016769	
0.000783	0.001068	0.003553	0.021578	0.028129	0.001730	0.005713	0.014503	0.008091	0.032675	0.125118	0.006301	0.017051	0.136181	0.202128	0.038157	0.314742	0.006824	0.017908	0.017766	
0.001157	0.001136	0.007040	0.013742	0.015411	0.001032	0.002717	0.024621	0.010923	0.071017	0.210489	0.011328	0.026491	0.172317	0.103872	0.032925	0.204413	0.018282	0.031626	0.039463	
0.002288	0.003342	0.012757	0.023033	0.032472	0.002740	0.008086	0.014778	0.015324	0.086933	0.121056	0.019488	0.063613	0.123225	0.157976	0.083465	0.139168	0.024703	0.031697	0.033856	
0.004691	0.002948	0.019823	0.024650	0.024082	0.006554	0.011242	0.048397	0.077198	0.037442	0.062051	0.081622	0.055962	0.073143	0.062515	0.069422	0.070951	0.095731	0.069584	0.101990	
0.018766	0.013518	0.022096	0.022738	0.028560	0.019990	0.051942	0.019893	0.027784	0.063552	0.051530	0.062900	0.090129	0.041072	0.050399	0.130503	0.029107	0.117662	0.059149	0.078711	
0.013206	0.011632	0.028706	0.028402	0.040869	0.024986	0.031571	0.037090	0.098163	0.030259	0.029142	0.127252	0.074003	0.039989	0.050486	0.093482	0.029886	0.097170	0.048733	0.064972	
