0.027216	0.025179	0.034370	0.022512	0.031803	0.031236	0.029168	0.058690	0.062124	0.036615	0.033432	0.062876	0.065354	0.050471	0.051587	0.069818	0.039377	0.082184	0.087831	0.098156	
0.017482	0.018886	0.023303	0.027414	0.033748	0.029148	0.039860	0.033586	0.062316	0.043459	0.034138	0.077650	0.075394	0.045766	0.049442	0.105640	0.030964	0.080184	0.081957	0.089663	
0.059696	0.048630	0.031914	0.011267	0.015991	0.092754	0.054259	0.039432	0.038705	0.045284	0.020566	0.061070	0.047684	0.028119	0.027527	0.049118	0.016695	0.092236	0.107139	0.111913	
0.014265	0.015015	0.022477	0.014120	0.014499	0.023232	0.035980	0.025443	0.023989	0.123446	0.085754	0.051223	0.096440	0.110706	0.056968	0.080979	0.040486	0.069607	0.036973	0.058399	
0.001373	0.002704	0.004454	0.014344	0.041894	0.002854	0.014749	0.023205	0.030713	0.029192	0.054048	0.048155	0.078338	0.077446	0.163086	0.230980	0.065933	0.035467	0.032326	0.048739	
0.000590	0.000601	0.003617	0.010963	0.035604	0.001904	0.003029	0.049829	0.011553	0.013784	0.070627	0.012387	0.019691	0.111339	0.239631	0.063842	0.264598	0.016281	0.027456	0.042676	
0.000845	0.001857	0.005174	0.017371	0.015705	0.002130	0.002799	0.037177	0.019446	0.093398	0.161756	0.017553	0.016731	0.226550	0.083739	0.013817	0.229499	0.012071	0.014448	0.027932	
0.000358	0.000758	0.002095	0.009721	0.017208	0.000313	0.001976	0.003407	0.001595	0.050204	0.138749	0.002234	0.031873	0.124955	0.302223	0.050338	0.242470	0.003622	0.006335	0.009564	
0.000107	0.000280	0.001679	0.009539	0.005914	0.000118	0.000284	0.004401	0.001945	0.072909	0.275930	0.001516	0.005481	0.194065	0.061937	0.006727	0.348687	0.001658	0.002660	0.004165	
0.000167	0.000314	0.001700	0.011303	0.014902	0.000142	0.000693	0.002224	0.001579	0.024147	0.103617	0.001207	0.008795	0.147130	0.195079	0.010282	0.471348	0.000864	0.002160	0.002345	
0.000817	0.001369	0.008286	0.020963	0.033006	0.000618	0.001975	0.007091	0.004970	0.040551	0.108778	0.004374	0.053366	0.150727	0.198866	0.077514	0.256431	0.005620	0.012231	0.012447	
0.002130	0.003223	0.027181	0.048232	0.046487	0.001155	0.005518	0.008367	0.011530	0.055015	0.067570	0.011408	0.130009	0.133928	0.149684	0.112270	0.122937	0.009664	0.029478	0.024215	
0.012970	0.007715	0.019726	0.027879	0.038972	0.006930	0.023451	0.032314	0.037842	0.022285	0.040801	0.047715	0.080199	0.029864	0.048103	0.098076	0.037802	0.099929	0.140360	0.147066	
0.010087	0.003141	0.033638	0.020078	0.018208	0.009220	0.029194	0.044405	0.122096	0.021086	0.018670	0.157375	0.067150	0.022777	0.019700	0.075823	0.015660	0.124143	0.084740	0.102810	
0.139827	0.074122	0.055304	0.005124	0.009944	0.149594	0.061452	0.023426	0.029089	0.025312	0.005910	0.076132	0.038239	0.007844	0.005501	0.032715	0.002790	0.111016	0.075839	0.070820	
0.015750	0.007070	0.017290	0.021079	0.021769	0.063906	0.123182	0.057317	0.131805	0.022387	0.014385	0.164813	0.030495	0.027857	0.021969	0.033923	0.014193	0.089875	0.051740	0.069195	
0.011024	0.011222	0.022736	0.030463	0.025643	0.018490	0.056642	0.026772	0.062942	0.061350	0.051387	0.047060	0.078655	0.131352	0.089892	0.108063	0.064052	0.040971	0.028923	0.032360	
0.018165	0.015689	0.034106	0.010123	0.020258	0.026983	0.037961	0.031233	0.031477	0.087636	0.039267	0.053903	0.151635	0.075174	0.060460	0.107552	0.027255	0.078813	0.039686	0.052624	
0.001723	0.003350	0.011798	0.018220	0.030030	0.007369	0.012952	0.014382	0.052806	0.107311	0.118829	0.038265	0.055516	0.142130	0.094276	0.095870	0.121722	0.029362	0.019267	0.024825	
0.049829	0.084786	0.046129	0.006029	0.019171	0.086781	0.031195	0.036867	0.014934	0.121799	0.036386	0.024719	0.085053	0.069107	0.055609	0.056947	0.028423	0.029227	0.052092	0.064919	
0.000840	0.002053	0.004196	0.011839	0.008996	0.001036	0.002568	0.006226	0.004249	0.106282	0.288279	0.004299	0.029794	0.157345	0.090324	0.033142	0.201678	0.010545	0.015314	0.020997	
0.000919	0.001438	0.004334	0.015703	0.010636	0.000657	0.002798	0.010043	0.006217	0.123910	0.222629	0.006595	0.018920	0.197414	0.084693	0.014560	0.232083	0.010088	0.014211	0.022150	
0.000253	0.000398	0.002208	0.021340	0.059779	0.000756	0.001688	0.013562	0.008080	0.009514	0.057583	0.008637	0.015222	0.061892	0.279476	0.036140	0.358812	0.011794	0.024650	0.028215	
0.001134	0.002250	0.009368	0.020669	0.012561	0.001258	0.002077	0.018851	0.016319	0.126869	0.226525	0.012789	0.019765	0.226064	0.046454	0.015907	0.190127	0.012478	0.016671	0.021864	
0.009916	0.012840	0.022316	0.024157	0.041518	0.008191	0.044045	0.014718	0.023303	0.047075	0.048944	0.031030	0.126040	0.046760	0.094046	0.269794	0.048948	0.028078	0.027915	0.030367	
0.046286	0.108800	0.089367	0.010167	0.014425	0.174006	0.040477	0.015235	0.022921	0.140273	0.021688	0.031288	0.085359	0.036697	0.017443	0.039412	0.010948	0.033967	0.029093	0.032151	
0.007235	0.005453	0.014977	0.016144	0.019507	0.004102	0.010810	0.047560	0.026712	0.062218	0.102486	0.030218	0.048929	0.128910	0.074582	0.067806	0.077721	0.067187	0.094453	0.092990	
0.002315	0.001011	0.006104	0.022031	0.051758	0.002017	0.009090	0.019375	0.036216	0.008477	0.031320	0.035941	0.039659	0.030211	0.128782	0.172476	0.081474	0.068533	0.128867	0.124343	
0.009297	0.003496	0.013169	0.022214	0.025444	0.006298	0.017738	0.052437	0.047229	0.027423	0.036462	0.073609	0.046555	0.046368	0.040640	0.073960	0.034137	0.146369	0.121402	0.155753	
0.012679	0.006358	0.020938	0.025937	0.040098	0.026947	0.047669	0.035916	0.124454	0.021306	0.011399	0.229466	0.039627	0.014072	0.024698	0.040900	0.011836	0.115279	0.060976	0.089443	
0.004881	0.005408	0.012929	0.101684	0.012771	0.006310	0.052720	0.008913	0.019162	0.048179	0.055709	0.016277	0.098999	0.049437	0.059709	0.155946	0.035031	0.042987	0.141156	0.071792	
0.010194	0.002069	0.009664	0.002833	0.020329	0.005799	0.011946	0.005375	0.017795	0.002851	0.001995	0.096815	0.065542	0.002285	0.008225	0.079620	0.001484	0.353545	0.142673	0.158962	
0.013772	0.007871	0.017949	0.020123	0.035016	0.056268	0.079523	0.029781	0.103498	0.013171	0.007380	0.193027	0.023162	0.007817	0.015316	0.022773	0.008996	0.200253	0.054751	0.089552	
0.003757	0.002052	0.010437	0.023215	0.017135	0.013018	0.027281	0.061851	0.170825	0.018110	0.019931	0.205857	0.027069	0.036282	0.028410	0.041710	0.021202	0.137061	0.060098	0.074700	
0.009584	0.004546	0.015683	0.013246	0.044994	0.033119	0.055540	0.053605	0.072609	0.014392	0.013199	0.131802	0.065411	0.036254	0.058523	0.140378	0.023087	0.095220	0.050115	0.068693	
0.004314	0.004416	0.023817	0.028538	0.034714	0.010909	0.026034	0.071091	0.093092	0.033545	0.038750	0.077347	0.079658	0.106050	0.076986	0.097568	0.065447	0.044505	0.036901	0.046316	
0.005255	0.005394	0.028097	0.009199	0.016944	0.016338	0.026695	0.037212	0.061192	0.060046	0.032401	0.083858	0.144283	0.102486	0.061143	0.126027	0.032503	0.069431	0.031527	0.049968	
0.057518	0.147582	0.048917	0.005472	0.008236	0.098117	0.024330	0.027547	0.019028	0.103477	0.015711	0.035660	0.113175	0.040922	0.020482	0.054471	0.007631	0.042091	0.073655	0.055978	
0.000615	0.001062	0.003480	0.010837	0.009766	0.000718	0.001525	0.009476	0.005909	0.069269	0.184874	0.007068	0.029313	0.177076	0.132869	0.046575	0.203953	0.018984	0.036776	0.049855	
0.000606	0.001336	0.002883	0.016681	0.028841	0.000796	0.002842	0.007910	0.005001	0.036266	0.113386	0.005585	0.015685	0.163841	0.188062	0.024193	0.344431	0.006018	0.016492	0.019147	
0.000331	0.000257	0.002032	0.009712	0.073877	0.000473	0.002136	0.007480	0.002129	0.004602	0.029372	0.002847	0.022297	0.030126	0.419475	0.130003	0.194591	0.008901	0.028992	0.030368	
0.001791	0.000884	0.010201	0.002746	0.005073	0.002624	0.000841	0.242785	0.049321	0.022032	0.023929	0.118109	0.012480	0.049006	0.016110	0.009686	0.028438	0.140184	0.063764	0.199993	
0.017907	0.051730	0.012781	0.014965	0.009339	0.045831	0.063954	0.037158	0.018385	0.319630	0.141250	0.032441	0.018893	0.051004	0.027181	0.020129	0.040958	0.026952	0.019959	0.029553	
0.001507	0.002006	0.010079	0.027632	0.024554	0.001775	0.004961	0.034397	0.016737	0.058472	0.180042	0.016488	0.026355	0.113015	0.098168	0.053064	0.191234	0.032039	0.048384	0.059093	
0.002597	0.002932	0.012033	0.100930	0.015205	0.000636	0.011846	0.006277	0.006535	0.031994	0.095953	0.003906	0.122780	0.133504	0.088193	0.163224	0.098783	0.008907	0.070130	0.023636	
0.006563	0.000903	0.004708	0.001655	0.023292	0.000888	0.003544	0.004577	0.006824	0.001292	0.001489	0.040438	0.076319	0.001565	0.008757	0.266481	0.001307	0.250359	0.162405	0.136634	
0.003325	0.002866	0.009496	0.021397	0.098073	0.127302	0.082657	0.023881	0.231701	0.006397	0.003029	0.245194	0.009547	0.001950	0.009095	0.013176	0.004200	0.064462	0.009859	0.032391	
0.007596	0.027375	0.067162	0.013825	0.002269	0.001341	0.006057	0.000888	0.002299	0.110511	0.020265	0.001023	0.443584	0.076814	0.029695	0.112445	0.007596	0.003972	0.049769	0.015513	
0.000806	0.000044	0.000298	0.000038	0.000498	0.000349	0.000163	0.001103	0.001348	0.000026	0.000016	0.007853	0.002486	0.000029	0.000158	0.001900	0.000021	0.117125	0.476375	0.389362	
0.000267	0.000051	0.000144	0.000263	0.000465	0.000842	0.001220	0.003909	0.004197	0.000163	0.000177	0.015367	0.000625	0.000162	0.000309	0.000969	0.000145	0.143764	0.343200	0.483761	
0.000481	0.000097	0.000262	0.000669	0.001038	0.000585	0.000765	0.004903	0.004332	0.000136	0.000170	0.018303	0.000794	0.000150	0.000575	0.001237	0.000232	0.119538	0.403657	0.442078	
0.000566	0.000047	0.000189	0.000625	0.003264	0.001084	0.002240	0.024302	0.017885	0.000079	0.000231	0.042928	0.000472	0.000177	0.001231	0.002658	0.000458	0.158087	0.295813	0.447667	
0.001074	0.000211	0.002688	0.002430	0.001420	0.001547	0.004617	0.072438	0.093226	0.003464	0.003051	0.289202	0.003203	0.002777	0.001464	0.006834	0.001289	0.282321	0.076161	0.150583	
0.025664	0.010834	0.004430	0.001728	0.006376	0.299116	0.273320	0.013635	0.022271	0.002338	0.000428	0.080681	0.005413	0.000520	0.001271	0.006710	0.000252	0.137769	0.033590	0.073654	
0.003033	0.001667	0.008450	0.008845	0.011358	0.009817	0.019522	0.108752	0.165728	0.008514	0.007358	0.238001	0.016307	0.019408	0.010983	0.010163	0.007356	0.188059	0.052935	0.103744	
0.001577	0.002791	0.012340	0.009059	0.023872	0.007383	0.019113	0.025058	0.023149	0.053166	0.053931	0.034170	0.120243	0.173752	0.118341	0.190125	0.060946	0.037549	0.013732	0.019704	
0.003739	0.007240	0.044090	0.012014	0.010278	0.003563	0.007827	0.018160	0.013772	0.070069	0.056951	0.010171	0.214202	0.327287	0.058223	0.061435	0.047623	0.010656	0.010515	0.012184	
0.000838	0.000359	0.002703	0.005679	0.010058	0.000359	0.003584	0.002961	0.006130	0.006547	0.019965	0.011052	0.063628	0.017878	0.063822	0.666384	0.024155	0.022308	0.046801	0.024789	
0.019178	0.018259	0.011768	0.003648	0.005881	0.698930	0.056575	0.011191	0.026313	0.008026	0.000933	0.057414	0.008757	0.001928	0.003049	0.009104	0.001343	0.027728	0.014669	0.015307	
0.000639	0.001061	0.013486	0.003182	0.011834	0.001217	0.003159	0.003596	0.011058	0.012863	0.008749	0.015687	0.338830	0.043348	0.080154	0.398070	0.013349	0.011636	0.013233	0.014850	
0.000248	0.000387	0.002564	0.007660	0.016662	0.000443	0.002693	0.007411	0.004775	0.028964	0.099041	0.003768	0.034879	0.204625	0.247955	0.062988	0.233414	0.007020	0.014408	0.020094	
0.000703	0.000390	0.003602	0.009029	0.046830	0.000556	0.001431	0.034851	0.006750	0.007208	0.032743	0.008418	0.019076	0.059465	0.275844	0.067523	0.250099	0.021613	0.070489	0.083379	
0.000276	0.000173	0.003506	0.004528	0.011121	0.001229	0.000569	0.167771	0.044763	0.013146	0.028659	0.078799	0.008062	0.077055	0.056237	0.009973	0.089572	0.107310	0.073330	0.223920	
0.000427	0.003834	0.003538	0.007427	0.007714	0.000952	0.002326	0.002738	0.002112	0.292996	0.296314	0.004246	0.035883	0.155401	0.058731	0.017374	0.077354	0.009487	0.008626	0.012521	
0.000720	0.000543	0.006882	0.033348	0.016354	0.000215	0.001330	0.012794	0.013637	0.046724	0.379662	0.012365	0.012796	0.066420	0.055487	0.020572	0.274089	0.017949	0.009104	0.019009	
0.062967	0.007177	0.015643	0.016446	0.018507	0.033426	0.657853	0.004700	0.036933	0.020416	0.007033	0.033817	0.010268	0.003709	0.008003	0.028835	0.004461	0.017866	0.005568	0.006373	
0.014705	0.019364	0.012928	0.002070	0.006252	0.624651	0.119732	0.009416	0.032864	0.013349	0.001998	0.061358	0.013186	0.004183	0.003924	0.008330	0.001621	0.029696	0.008226	0.012148	
0.001331	0.001394	0.010834	0.014746	0.019415	0.000536	0.001592	0.024326	0.004516	0.019675	0.064113	0.002474	0.033225	0.181848	0.251221	0.073276	0.269978	0.003234	0.011055	0.011213	
0.000740	0.000396	0.005894	0.011350	0.109339	0.000360	0.006351	0.001701	0.001718	0.003291	0.008192	0.001778	0.053681	0.012985	0.384777	0.318197	0.066210	0.002622	0.006207	0.004211	
0.000806	0.000722	0.006613	0.024747	0.022620	0.006256	0.006798	0.046973	0.155208	0.028096	0.067513	0.089147	0.016169	0.102580	0.040350	0.025345	0.079835	0.103453	0.078456	0.098312	
0.011839	0.001932	0.015686	0.006864	0.017919	0.004808	0.012275	0.042183	0.041994	0.012782	0.010310	0.102879	0.041471	0.011748	0.018817	0.072832	0.008421	0.202464	0.185147	0.177626	
0.012665	0.006874	0.025070	0.028014	0.030350	0.033027	0.094957	0.014073	0.097488	0.102522	0.030300	0.163491	0.032173	0.019630	0.017514	0.034059	0.013184	0.157409	0.033891	0.053309	
0.009955	0.003161	0.011838	0.008418	0.029470	0.019498	0.026966	0.043160	0.085222	0.005212	0.003876	0.114239	0.023309	0.003926	0.007533	0.019422	0.002934	0.300026	0.110670	0.171167	
0.003130	0.003786	0.040896	0.005151	0.004624	0.006417	0.003508	0.017726	0.092894	0.064447	0.011568	0.117015	0.145328	0.060334	0.007151	0.013955	0.005267	0.131990	0.117548	0.147266	
0.000851	0.000263	0.000256	0.000393	0.000458	0.000863	0.001225	0.001854	0.001831	0.000181	0.000144	0.002999	0.001372	0.000150	0.000476	0.002392	0.000142	0.028974	0.617128	0.338046	
0.000197	0.000026	0.000070	0.000020	0.000092	0.000377	0.000192	0.001216	0.000447	0.000035	0.000032	0.001909	0.000209	0.000024	0.000089	0.000256	0.000027	0.048592	0.381480	0.564710	
0.000079	0.000024	0.000021	0.000016	0.000031	0.000080	0.000037	0.000620	0.000342	0.000016	0.000008	0.001287	0.000041	0.000006	0.000008	0.000024	0.000004	0.020269	0.332649	0.644440	
0.000010	0.000001	0.000001	0.000004	0.000004	0.000016	0.000010	0.000394	0.000083	0.000000	0.000001	0.000201	0.000002	0.000001	0.000002	0.000003	0.000001	0.005719	0.560690	0.432860	
0.000003	0.000000	0.000001	0.000001	0.000001	0.000001	0.000000	0.000095	0.000022	0.000000	0.000000	0.000146	0.000001	0.000000	0.000001	0.000002	0.000000	0.007493	0.633878	0.358355	
0.000007	0.000000	0.000000	0.000001	0.000003	0.000004	0.000004	0.000152	0.000034	0.000000	0.000000	0.000290	0.000001	0.000000	0.000001	0.000003	0.000000	0.018619	0.433197	0.547682	
0.000011	0.000001	0.000003	0.000003	0.000006	0.000014	0.000004	0.000943	0.000365	0.000000	0.000000	0.002400	0.000004	0.000000	0.000001	0.000005	0.000000	0.026012	0.442896	0.527331	
0.000017	0.000003	0.000007	0.000020	0.000036	0.000017	0.000013	0.001815	0.000738	0.000001	0.000002	0.004430	0.000023	0.000003	0.000010	0.000048	0.000003	0.056591	0.359696	0.576529	
0.000337	0.000047	0.000114	0.000105	0.000252	0.000193	0.000208	0.007560	0.002359	0.000020	0.000027	0.024828	0.000321	0.000032	0.000090	0.001006	0.000021	0.163599	0.330464	0.468419	
0.001383	0.000456	0.001606	0.001961	0.002250	0.004039	0.007175	0.030570	0.043857	0.000607	0.000364	0.174466	0.003974	0.000671	0.000767	0.003459	0.000246	0.282063	0.132904	0.307182	
0.003700	0.001423	0.011883	0.005888	0.013512	0.003945	0.011969	0.029281	0.066056	0.004433	0.003144	0.200817	0.062640	0.005420	0.009091	0.091158	0.001891	0.246710	0.075646	0.151391	
0.020454	0.010935	0.013728	0.019316	0.037388	0.089441	0.204002	0.032885	0.104774	0.021802	0.006895	0.142326	0.024328	0.012294	0.013411	0.024229	0.005820	0.100099	0.051682	0.064190	
0.001790	0.003862	0.015146	0.021446	0.036872	0.004597	0.027067	0.009838	0.035820	0.057943	0.039131	0.035537	0.231064	0.117188	0.108315	0.173173	0.034238	0.020259	0.011794	0.014919	
0.001231	0.002426	0.007159	0.014520	0.018477	0.001235	0.003060	0.020580	0.008269	0.077291	0.137044	0.009804	0.083683	0.190517	0.180774	0.078773	0.124288	0.010664	0.012479	0.017725	
0.000146	0.000532	0.001749	0.009253	0.006371	0.000207	0.001207	0.002897	0.001923	0.090188	0.261159	0.001103	0.011619	0.215923	0.103397	0.015386	0.270818	0.001031	0.002019	0.003072	
0.000071	0.000121	0.000991	0.008768	0.013474	0.000078	0.000357	0.002133	0.000749	0.016382	0.100888	0.000831	0.012738	0.141501	0.250089	0.012092	0.429788	0.001069	0.003389	0.004492	
0.000177	0.000307	0.001450	0.016781	0.022002	0.000184	0.001575	0.001058	0.000851	0.036132	0.131678	0.000533	0.008588	0.135365	0.183665	0.012044	0.443925	0.000523	0.001379	0.001784	
0.000150	0.000221	0.001128	0.017454	0.033877	0.000212	0.001090	0.003735	0.002827	0.015782	0.108163	0.001910	0.008901	0.100518	0.219723	0.011803	0.460645	0.001973	0.003993	0.005895	
0.000390	0.000695	0.003963	0.010338	0.026796	0.000631	0.001844	0.011642	0.004270	0.022753	0.082909	0.003801	0.020077	0.150311	0.224290	0.052736	0.341608	0.005590	0.017186	0.018172	
0.001434	0.001045	0.008503	0.009543	0.013190	0.000913	0.002383	0.052738	0.014095	0.082388	0.142866	0.020193	0.033696	0.158064	0.114026	0.036997	0.155734	0.030339	0.045144	0.076708	
0.002230	0.005009	0.016491	0.024831	0.028096	0.002688	0.016575	0.005675	0.013408	0.119789	0.118577	0.012936	0.131488	0.103639	0.114589	0.153790	0.075076	0.013125	0.023133	0.018855	
0.005316	0.002413	0.011989	0.016772	0.016196	0.003355	0.008133	0.039356	0.045955	0.042330	0.073703	0.072431	0.039086	0.042920	0.040251	0.068351	0.045764	0.132032	0.138456	0.155190	
0.014905	0.008088	0.022011	0.026430	0.044134	0.014695	0.038666	0.024465	0.060725	0.064408	0.068413	0.094363	0.053335	0.046685	0.058676	0.084534	0.046723	0.100855	0.062327	0.065563	
0.022460	0.018071	0.030956	0.022833	0.033997	0.039389	0.037092	0.046349	0.074283	0.043180	0.033121	0.110854	0.062697	0.049866	0.051575	0.063041	0.036070	0.090076	0.060520	0.073570	
