0.012893	0.015202	0.027899	0.027200	0.026280	0.017278	0.044026	0.028233	0.039143	0.052329	0.053022	0.041467	0.128896	0.068798	0.067830	0.151934	0.043225	0.047224	0.050953	0.056169	
0.024355	0.025741	0.021409	0.015742	0.033361	0.036645	0.060830	0.020704	0.057268	0.026825	0.016169	0.086354	0.087985	0.017860	0.031350	0.186806	0.012114	0.085229	0.072561	0.080693	
0.159114	0.141163	0.042664	0.002862	0.004952	0.223828	0.030351	0.009627	0.021698	0.035218	0.003082	0.057256	0.028484	0.005443	0.003042	0.012485	0.001426	0.094371	0.058145	0.064790	
0.011382	0.009891	0.013214	0.006067	0.010999	0.024389	0.020433	0.032941	0.044024	0.042109	0.018869	0.117810	0.077947	0.025789	0.019607	0.059449	0.007935	0.219388	0.070207	0.167549	
0.000863	0.001603	0.004231	0.009375	0.022747	0.002854	0.011263	0.036193	0.032168	0.022504	0.041925	0.056317	0.101846	0.071036	0.128436	0.199012	0.045247	0.057977	0.049435	0.104966	
0.000460	0.000635	0.002525	0.012724	0.020936	0.001011	0.002327	0.029684	0.009601	0.018198	0.096360	0.008755	0.026294	0.114601	0.179467	0.062415	0.217500	0.018097	0.095614	0.082796	
0.001803	0.001683	0.007482	0.007907	0.010630	0.002018	0.003499	0.029381	0.010062	0.082046	0.144495	0.013030	0.031865	0.214021	0.079973	0.024126	0.157108	0.027864	0.069314	0.081694	
0.000291	0.000400	0.001302	0.014518	0.017384	0.000516	0.003262	0.009254	0.004162	0.037918	0.193688	0.006178	0.021357	0.097055	0.191302	0.045727	0.248193	0.014576	0.042597	0.050319	
0.000304	0.000455	0.002893	0.007779	0.010128	0.000431	0.000889	0.010103	0.004483	0.060384	0.202865	0.004709	0.013398	0.194545	0.099933	0.012829	0.316272	0.009151	0.021808	0.026640	
0.000089	0.000087	0.000895	0.010943	0.015764	0.000115	0.000633	0.012309	0.004897	0.012144	0.116079	0.005681	0.007145	0.106094	0.171409	0.012268	0.446091	0.009051	0.035153	0.033156	
0.000995	0.001475	0.007236	0.013340	0.026439	0.001658	0.003147	0.016912	0.008828	0.037827	0.086278	0.011994	0.034457	0.165312	0.188489	0.037209	0.250444	0.017438	0.045965	0.044555	
0.001264	0.001402	0.010807	0.027964	0.041095	0.000809	0.004915	0.011782	0.012393	0.021857	0.044414	0.015357	0.103140	0.074012	0.200407	0.146795	0.107517	0.021548	0.087906	0.064617	
0.006458	0.002764	0.010481	0.008672	0.028028	0.005622	0.013010	0.024184	0.022286	0.022759	0.031902	0.060721	0.054531	0.016606	0.029075	0.083046	0.017917	0.259106	0.103491	0.199339	
0.008227	0.003713	0.019238	0.011120	0.007454	0.009394	0.035221	0.038724	0.135141	0.035967	0.017622	0.277142	0.049218	0.020188	0.011910	0.080126	0.007590	0.142796	0.030351	0.058860	
0.083973	0.044776	0.012944	0.002107	0.005913	0.459317	0.142928	0.010148	0.016313	0.007140	0.000982	0.049842	0.013157	0.001721	0.002551	0.012590	0.000667	0.071364	0.027587	0.033982	
0.004598	0.003123	0.012709	0.029374	0.052785	0.024926	0.066281	0.043471	0.198281	0.017327	0.017764	0.194464	0.036863	0.032667	0.040656	0.042120	0.023507	0.088258	0.023181	0.047646	
0.006186	0.005969	0.028059	0.018551	0.042361	0.010632	0.034421	0.037315	0.070692	0.051023	0.044580	0.062094	0.121310	0.091481	0.081575	0.147002	0.042111	0.047082	0.021497	0.036059	
0.017372	0.026635	0.064294	0.008757	0.008915	0.021783	0.018580	0.022868	0.028835	0.224522	0.055641	0.032502	0.151515	0.127477	0.029898	0.055824	0.020273	0.035731	0.022376	0.026204	
0.004740	0.005025	0.010261	0.007868	0.009384	0.011209	0.011929	0.034686	0.037959	0.123924	0.123282	0.047977	0.060220	0.148653	0.043304	0.069262	0.049857	0.080557	0.052085	0.067819	
0.046595	0.063017	0.025308	0.005455	0.010019	0.104399	0.032538	0.070642	0.027452	0.066907	0.017439	0.066497	0.045898	0.034595	0.024621	0.025457	0.013175	0.102594	0.082582	0.134810	
0.000202	0.000382	0.000760	0.007133	0.005853	0.000382	0.001245	0.005911	0.004515	0.079065	0.422673	0.004550	0.007185	0.131051	0.059303	0.014382	0.216264	0.011438	0.010005	0.017701	
0.000365	0.000633	0.003143	0.007665	0.008398	0.000351	0.000779	0.008843	0.002683	0.082075	0.235697	0.004374	0.015203	0.201005	0.104667	0.012764	0.282940	0.008127	0.007007	0.013283	
0.000065	0.000086	0.000871	0.012853	0.021409	0.000169	0.000648	0.011459	0.005757	0.008120	0.098681	0.005402	0.006565	0.095007	0.201355	0.015892	0.485744	0.005218	0.010132	0.014567	
0.000341	0.000529	0.004863	0.015817	0.015055	0.000280	0.000802	0.012156	0.006559	0.039927	0.180563	0.004789	0.014789	0.202487	0.104513	0.015554	0.357711	0.005097	0.008168	0.010001	
0.006837	0.009136	0.026761	0.019580	0.033102	0.006442	0.041301	0.010066	0.019388	0.072611	0.049305	0.022684	0.182528	0.077070	0.098076	0.233007	0.044749	0.015357	0.015127	0.016874	
0.095723	0.161541	0.076669	0.005103	0.005750	0.187553	0.044412	0.008409	0.012023	0.166868	0.017507	0.020491	0.063314	0.026270	0.008258	0.023332	0.005419	0.029942	0.021237	0.020179	
0.004247	0.002595	0.008901	0.009611	0.019578	0.005353	0.011777	0.030373	0.024489	0.049799	0.070292	0.061843	0.072864	0.062163	0.061622	0.090740	0.041416	0.170584	0.074935	0.126820	
0.002603	0.001855	0.009350	0.013689	0.036561	0.003934	0.010208	0.048036	0.053552	0.018389	0.038219	0.065894	0.056808	0.052937	0.113434	0.172660	0.064706	0.076494	0.067224	0.093445	
0.006561	0.003917	0.015415	0.016304	0.029403	0.007115	0.016536	0.063059	0.059242	0.041127	0.055252	0.083732	0.060285	0.066775	0.054903	0.106841	0.045834	0.112598	0.056800	0.098301	
0.026913	0.023775	0.027009	0.025505	0.034891	0.071139	0.122416	0.043112	0.119945	0.037989	0.018678	0.152571	0.050174	0.019347	0.022631	0.053702	0.011612	0.074310	0.022715	0.041568	
0.008314	0.012833	0.014831	0.109936	0.011322	0.002263	0.045243	0.003307	0.007070	0.124911	0.100750	0.004549	0.131544	0.052403	0.056898	0.231422	0.037647	0.010638	0.021022	0.013099	
0.004414	0.000979	0.007409	0.001433	0.018818	0.004887	0.005591	0.004098	0.023209	0.002949	0.001286	0.148600	0.082689	0.001919	0.006749	0.100050	0.000914	0.407545	0.067452	0.109008	
0.009484	0.005050	0.015058	0.026591	0.061658	0.043036	0.101920	0.026336	0.165707	0.015440	0.009010	0.185557	0.028800	0.009548	0.025250	0.038386	0.011333	0.130017	0.030961	0.060858	
0.007041	0.001947	0.013125	0.013225	0.016059	0.008845	0.026320	0.042896	0.090353	0.024419	0.023951	0.141448	0.051639	0.037936	0.033998	0.085356	0.020863	0.216396	0.051797	0.092385	
0.007858	0.004041	0.009942	0.011188	0.037595	0.043719	0.067908	0.032201	0.091895	0.019062	0.013160	0.230414	0.047354	0.020678	0.027145	0.068600	0.010243	0.172427	0.026998	0.057573	
0.001243	0.001569	0.013747	0.035644	0.054778	0.002695	0.019493	0.022428	0.065497	0.032563	0.054357	0.036883	0.088069	0.090232	0.162139	0.172950	0.090824	0.023200	0.012477	0.019212	
0.002108	0.001453	0.014800	0.007593	0.015223	0.004520	0.011887	0.042837	0.081649	0.039446	0.041053	0.099691	0.110486	0.081641	0.048888	0.187991	0.028864	0.097136	0.029267	0.053466	
0.079746	0.151023	0.035222	0.003905	0.004981	0.287865	0.041615	0.015191	0.013518	0.099348	0.013353	0.040364	0.042249	0.023755	0.008411	0.014230	0.004962	0.057938	0.028112	0.034210	
0.000557	0.000558	0.003014	0.016771	0.023775	0.000796	0.003655	0.017894	0.013837	0.031072	0.141783	0.014472	0.033344	0.137381	0.175917	0.084620	0.207698	0.028399	0.025285	0.039173	
0.000815	0.001553	0.006328	0.016426	0.026137	0.001771	0.005297	0.013349	0.007865	0.057707	0.117526	0.010761	0.037149	0.200076	0.189848	0.050153	0.217022	0.010007	0.014040	0.016171	
0.000084	0.000088	0.000802	0.006352	0.142544	0.000296	0.002000	0.002901	0.002371	0.001782	0.014519	0.002447	0.023156	0.017264	0.455740	0.177699	0.116409	0.004627	0.015124	0.013796	
0.000665	0.000347	0.008373	0.001119	0.001482	0.001305	0.000310	0.295089	0.061128	0.008234	0.006272	0.141764	0.007603	0.017437	0.003936	0.003326	0.006819	0.136705	0.062793	0.235294	
0.004134	0.015761	0.002090	0.006870	0.002559	0.004528	0.013413	0.001893	0.001534	0.577670	0.269951	0.004144	0.009174	0.027054	0.008582	0.010323	0.015133	0.012049	0.004914	0.008223	
0.000826	0.001052	0.004152	0.029465	0.016893	0.000512	0.001919	0.024033	0.008640	0.037240	0.287687	0.011488	0.019014	0.103865	0.085892	0.043145	0.245246	0.021077	0.022289	0.035564	
0.000455	0.001001	0.010882	0.096971	0.023560	0.000195	0.002394	0.004058	0.005912	0.040127	0.108269	0.002980	0.084154	0.158231	0.146956	0.093309	0.188099	0.003183	0.019790	0.009474	
0.002354	0.000436	0.003313	0.001268	0.018725	0.000404	0.002851	0.002884	0.003101	0.001059	0.001851	0.016991	0.102699	0.002000	0.023856	0.593663	0.002228	0.073323	0.079349	0.067646	
0.005348	0.007470	0.006111	0.013793	0.025966	0.323799	0.244873	0.016251	0.124976	0.009011	0.003212	0.127426	0.005951	0.002923	0.003650	0.005729	0.002382	0.035428	0.011909	0.023792	
0.003184	0.008011	0.047635	0.027882	0.006403	0.001755	0.007096	0.008593	0.011641	0.068878	0.024050	0.006090	0.340954	0.100005	0.046917	0.097171	0.021248	0.013475	0.104101	0.054910	
0.001088	0.000114	0.000492	0.000093	0.000999	0.000549	0.000538	0.001727	0.001911	0.000220	0.000126	0.008407	0.003426	0.000173	0.000693	0.004154	0.000147	0.110515	0.449512	0.415117	
0.000309	0.000090	0.000192	0.000243	0.000344	0.001010	0.000925	0.007287	0.004046	0.000518	0.000562	0.016576	0.000844	0.000501	0.000568	0.001020	0.000395	0.117426	0.327398	0.519746	
0.000321	0.000068	0.000445	0.000511	0.000899	0.000258	0.000531	0.009017	0.004303	0.000363	0.000604	0.017837	0.001446	0.000503	0.000923	0.002266	0.000613	0.107860	0.343260	0.507972	
0.000829	0.000136	0.000412	0.001144	0.001611	0.001074	0.002594	0.020841	0.012839	0.000339	0.000576	0.047806	0.001305	0.000482	0.000804	0.002841	0.000502	0.228839	0.256553	0.418474	
0.000481	0.000122	0.002529	0.001532	0.003749	0.000960	0.002995	0.015567	0.091375	0.002022	0.001350	0.445572	0.006209	0.001496	0.001840	0.012611	0.000776	0.303995	0.026357	0.078464	
0.014653	0.010817	0.004746	0.001935	0.008273	0.435321	0.384086	0.008512	0.015688	0.002721	0.000457	0.028328	0.009229	0.001177	0.003406	0.009561	0.000556	0.030599	0.011894	0.018044	
0.001013	0.000729	0.004532	0.009571	0.011808	0.003133	0.004573	0.100950	0.133074	0.011757	0.016619	0.248484	0.010206	0.021409	0.012815	0.007508	0.013925	0.234981	0.031242	0.121673	
0.000358	0.001053	0.008366	0.009455	0.040592	0.001090	0.004103	0.006639	0.010604	0.053820	0.097524	0.012285	0.115609	0.199274	0.154824	0.169155	0.094227	0.009668	0.004275	0.007079	
0.000937	0.003878	0.034658	0.003780	0.001145	0.000463	0.000919	0.002679	0.001778	0.205245	0.068716	0.001417	0.136103	0.471792	0.016090	0.021476	0.024353	0.001511	0.001617	0.001443	
0.000395	0.000056	0.000377	0.000348	0.002426	0.000101	0.001853	0.001510	0.001430	0.000348	0.001361	0.004656	0.022801	0.001544	0.018570	0.856133	0.002523	0.018522	0.040925	0.024122	
0.004865	0.010961	0.002253	0.000400	0.000438	0.914675	0.011669	0.001282	0.005073	0.001814	0.000093	0.027554	0.000664	0.000220	0.000066	0.000166	0.000038	0.012524	0.001957	0.003286	
0.000102	0.000222	0.008472	0.001604	0.007987	0.000123	0.000586	0.003113	0.004328	0.005106	0.005209	0.008373	0.340303	0.026246	0.066816	0.487469	0.007982	0.009182	0.006269	0.010507	
0.000047	0.000066	0.001568	0.006076	0.017777	0.000097	0.000672	0.004398	0.001898	0.013123	0.073012	0.001713	0.035514	0.177015	0.328009	0.056857	0.262672	0.002973	0.008781	0.007733	
0.000537	0.001080	0.006470	0.016428	0.029042	0.001402	0.002269	0.008565	0.003799	0.033855	0.078163	0.004324	0.039949	0.176222	0.248556	0.047454	0.257078	0.006451	0.022980	0.015375	
0.000331	0.000289	0.007367	0.003802	0.019202	0.000891	0.000884	0.145686	0.026274	0.011172	0.031111	0.055824	0.049920	0.093171	0.128537	0.051686	0.098147	0.056889	0.061322	0.157494	
0.000199	0.001080	0.001290	0.016107	0.009148	0.000463	0.001364	0.003062	0.001935	0.151733	0.395503	0.002412	0.009242	0.142577	0.063607	0.008946	0.170800	0.005509	0.007061	0.007962	
0.000495	0.000414	0.005270	0.053967	0.027143	0.000187	0.001410	0.008089	0.015684	0.026933	0.293202	0.008451	0.008294	0.059454	0.057119	0.014614	0.392337	0.008989	0.006223	0.011725	
0.048216	0.008431	0.009535	0.014351	0.014701	0.025792	0.711736	0.004800	0.014708	0.020061	0.010490	0.011299	0.011557	0.005835	0.013249	0.044886	0.008383	0.007606	0.007416	0.006949	
0.020641	0.021904	0.014800	0.001848	0.004062	0.620433	0.074123	0.009004	0.029625	0.010102	0.001335	0.082036	0.019436	0.004838	0.002239	0.007107	0.000815	0.044058	0.014292	0.017300	
0.000283	0.000312	0.003142	0.010894	0.015375	0.000180	0.001357	0.010240	0.003738	0.018763	0.106064	0.002935	0.031375	0.155187	0.250852	0.073471	0.277595	0.005893	0.016375	0.015968	
0.000217	0.000269	0.002246	0.003991	0.074968	0.000287	0.002834	0.002343	0.001462	0.002594	0.006185	0.003199	0.066785	0.009619	0.332949	0.428268	0.032843	0.005874	0.011905	0.011161	
0.000702	0.000429	0.008323	0.024066	0.020625	0.003019	0.003204	0.111292	0.216826	0.011032	0.040123	0.113263	0.012350	0.054566	0.028430	0.015629	0.073841	0.082620	0.065598	0.114061	
0.036541	0.008891	0.014853	0.007229	0.014645	0.008947	0.017864	0.035789	0.016917	0.029084	0.018062	0.061951	0.034643	0.012553	0.017507	0.046157	0.009171	0.240199	0.169544	0.199452	
0.005823	0.004189	0.014309	0.097231	0.023270	0.014913	0.086714	0.025329	0.234549	0.047947	0.035349	0.172850	0.017807	0.021795	0.013103	0.023152	0.017753	0.079434	0.025854	0.038628	
0.006147	0.005132	0.018165	0.006020	0.033759	0.019045	0.021770	0.021501	0.059321	0.014796	0.007877	0.113614	0.096158	0.010611	0.016281	0.061147	0.004902	0.217139	0.094398	0.172218	
0.002985	0.003774	0.033211	0.006745	0.010601	0.004238	0.006857	0.028155	0.056192	0.027450	0.010916	0.064601	0.175712	0.048002	0.023049	0.062150	0.010028	0.074881	0.172078	0.178375	
0.001212	0.000375	0.000395	0.000386	0.001068	0.001196	0.001290	0.003031	0.001939	0.000437	0.000437	0.003609	0.002008	0.000503	0.001424	0.003628	0.000645	0.029042	0.633614	0.313760	
0.000212	0.000055	0.000096	0.000047	0.000136	0.000352	0.000193	0.001697	0.000694	0.000106	0.000101	0.002218	0.000367	0.000113	0.000146	0.000308	0.000098	0.032552	0.473029	0.487479	
0.000038	0.000015	0.000023	0.000017	0.000073	0.000078	0.000065	0.001313	0.000511	0.000020	0.000018	0.002558	0.000131	0.000014	0.000036	0.000123	0.000015	0.034152	0.309213	0.651586	
0.000015	0.000005	0.000008	0.000013	0.000021	0.000061	0.000042	0.001654	0.000812	0.000007	0.000007	0.002055	0.000027	0.000009	0.000011	0.000024	0.000008	0.019233	0.438051	0.537936	
0.000008	0.000001	0.000002	0.000003	0.000005	0.000007	0.000006	0.000240	0.000056	0.000002	0.000003	0.000251	0.000008	0.000002	0.000004	0.000011	0.000003	0.009205	0.650854	0.339329	
0.000010	0.000001	0.000004	0.000003	0.000014	0.000012	0.000009	0.000367	0.000110	0.000001	0.000001	0.000915	0.000016	0.000001	0.000005	0.000017	0.000002	0.023285	0.459257	0.515971	
0.000010	0.000004	0.000008	0.000008	0.000029	0.000023	0.000014	0.000975	0.000301	0.000005	0.000005	0.002342	0.000043	0.000006	0.000016	0.000053	0.000006	0.030034	0.495135	0.470984	
0.000027	0.000006	0.000035	0.000083	0.000326	0.000035	0.000053	0.004178	0.001526	0.000013	0.000034	0.005399	0.000121	0.000038	0.000192	0.000313	0.000102	0.042229	0.490637	0.454653	
0.000216	0.000028	0.000156	0.000102	0.000557	0.000113	0.000182	0.005655	0.001668	0.000078	0.000117	0.015362	0.000601	0.000105	0.000362	0.001287	0.000148	0.156555	0.339016	0.477691	
0.000606	0.000222	0.000670	0.001397	0.002457	0.001849	0.002506	0.015367	0.018231	0.000636	0.000614	0.133929	0.002475	0.000462	0.000763	0.003203	0.000338	0.407119	0.111401	0.295756	
0.002164	0.001019	0.011210	0.002718	0.007624	0.004279	0.005996	0.030032	0.083598	0.003441	0.001502	0.327703	0.038017	0.003832	0.005665	0.035424	0.001396	0.262250	0.052340	0.119789	
0.007150	0.004619	0.007088	0.024391	0.054417	0.091876	0.292564	0.032870	0.090924	0.014628	0.010606	0.104678	0.025991	0.014599	0.025401	0.031144	0.011555	0.072063	0.032715	0.050721	
0.001717	0.002302	0.021291	0.011808	0.027702	0.003900	0.018940	0.021968	0.052132	0.033632	0.029262	0.043089	0.203483	0.114742	0.119796	0.187165	0.044203	0.023211	0.015112	0.024549	
0.000627	0.001318	0.003735	0.014882	0.033104	0.001322	0.007514	0.007877	0.005899	0.036734	0.096591	0.007276	0.093831	0.109465	0.255115	0.169413	0.116443	0.009098	0.013358	0.016399	
0.000400	0.000950	0.003902	0.014017	0.012186	0.000628	0.001325	0.005284	0.003957	0.059309	0.209843	0.002783	0.014639	0.190182	0.108698	0.018124	0.340616	0.002744	0.005190	0.005221	
0.000110	0.000152	0.001467	0.020458	0.033522	0.000188	0.001289	0.003075	0.002550	0.015538	0.103183	0.001966	0.015038	0.107010	0.262977	0.019978	0.400523	0.002236	0.004084	0.004657	
0.000248	0.000476	0.003657	0.007307	0.021586	0.000466	0.001245	0.003636	0.003062	0.037011	0.104056	0.003353	0.034212	0.180319	0.238127	0.026593	0.316546	0.004056	0.005979	0.008067	
0.000083	0.000158	0.000763	0.023668	0.036645	0.000229	0.001526	0.003857	0.003287	0.017749	0.142011	0.002468	0.006181	0.083349	0.193861	0.010201	0.459447	0.002738	0.005091	0.006687	
0.000056	0.000092	0.001325	0.006951	0.016249	0.000121	0.000482	0.004525	0.003223	0.010410	0.082672	0.002736	0.013867	0.134741	0.242436	0.023403	0.439545	0.002977	0.006596	0.007594	
0.000430	0.000461	0.003489	0.010887	0.013121	0.000379	0.001393	0.010197	0.004436	0.067632	0.210571	0.005983	0.019743	0.208725	0.109478	0.021235	0.265515	0.010195	0.017173	0.018956	
0.001823	0.003012	0.014609	0.014633	0.029181	0.002458	0.010290	0.007992	0.010290	0.062646	0.063166	0.015351	0.142688	0.119693	0.182653	0.164250	0.092281	0.016125	0.024279	0.022581	
0.005249	0.003525	0.014876	0.007986	0.021286	0.007078	0.008076	0.050447	0.033836	0.022813	0.026749	0.072693	0.080361	0.042972	0.065164	0.139324	0.031936	0.113455	0.104784	0.147389	
0.010772	0.007844	0.021737	0.015934	0.021672	0.011340	0.018710	0.037691	0.045881	0.058519	0.051760	0.085013	0.072924	0.057400	0.059155	0.107454	0.038692	0.118569	0.069397	0.089534	
0.017823	0.019027	0.021268	0.018427	0.028009	0.038246	0.036978	0.032311	0.076813	0.050090	0.033004	0.140872	0.068357	0.037106	0.032326	0.085276	0.018889	0.138173	0.042041	0.064965	
