0.019992	0.017538	0.027344	0.020410	0.031992	0.022832	0.034636	0.040838	0.044866	0.039673	0.035993	0.067496	0.085653	0.047568	0.049989	0.094510	0.030945	0.102563	0.082370	0.102793	
0.016684	0.020723	0.028066	0.023588	0.023492	0.028471	0.036774	0.038628	0.091210	0.039840	0.022830	0.125021	0.085229	0.042661	0.030791	0.088096	0.019154	0.096335	0.064178	0.078229	
0.090359	0.171581	0.068616	0.008667	0.008781	0.180607	0.040814	0.008866	0.026095	0.073194	0.008705	0.049612	0.086136	0.022679	0.007700	0.027500	0.004344	0.048787	0.033750	0.033206	
0.002695	0.002667	0.014967	0.009391	0.016886	0.002893	0.008095	0.020357	0.035019	0.028147	0.026762	0.064154	0.208396	0.077998	0.069321	0.210416	0.026656	0.070974	0.042497	0.061709	
0.000587	0.000886	0.004259	0.008088	0.029268	0.001911	0.005776	0.023129	0.017936	0.012102	0.027692	0.030282	0.110670	0.065224	0.170371	0.316074	0.053913	0.031060	0.037769	0.053005	
0.000557	0.000471	0.003241	0.013153	0.022114	0.000781	0.002236	0.034158	0.008854	0.011329	0.069823	0.009473	0.035517	0.114808	0.199240	0.109994	0.206383	0.017600	0.075609	0.064661	
0.005301	0.003941	0.016082	0.008356	0.024225	0.004771	0.007540	0.065104	0.014114	0.032280	0.042336	0.022795	0.065653	0.113093	0.100686	0.065105	0.080397	0.041806	0.149629	0.136786	
0.000851	0.000910	0.004625	0.015107	0.017057	0.001055	0.003386	0.022540	0.008711	0.050203	0.145001	0.012401	0.029678	0.132531	0.148349	0.041101	0.197637	0.028951	0.065903	0.074001	
0.000640	0.000652	0.002995	0.017213	0.016277	0.000548	0.002370	0.017567	0.007646	0.042214	0.176836	0.008046	0.013367	0.149342	0.122355	0.024502	0.308508	0.012835	0.039932	0.036153	
0.000483	0.000665	0.003593	0.021052	0.027458	0.000891	0.003064	0.025186	0.009380	0.025393	0.099545	0.011454	0.017817	0.140704	0.193712	0.024152	0.308300	0.014319	0.034599	0.038232	
0.000630	0.001120	0.007103	0.019984	0.041084	0.001165	0.002713	0.017742	0.012300	0.019279	0.058042	0.014895	0.056388	0.130940	0.228291	0.083247	0.199209	0.018183	0.045340	0.042343	
0.002553	0.003229	0.015358	0.031677	0.047230	0.001601	0.009955	0.009685	0.006762	0.035447	0.061773	0.008075	0.121368	0.092637	0.193109	0.155682	0.111171	0.015279	0.041487	0.035922	
0.003068	0.001987	0.007453	0.016221	0.042569	0.006050	0.017834	0.047157	0.064215	0.009757	0.018448	0.088411	0.040001	0.019793	0.042066	0.082257	0.023255	0.149943	0.124121	0.195392	
0.005359	0.003387	0.021259	0.016383	0.011345	0.006441	0.011706	0.062483	0.081161	0.038124	0.034844	0.116912	0.056539	0.055907	0.030249	0.059768	0.026581	0.139482	0.091261	0.130808	
0.176298	0.112931	0.048214	0.003328	0.006862	0.159988	0.037449	0.013619	0.013200	0.019951	0.003257	0.043987	0.037168	0.005993	0.004205	0.023093	0.001841	0.111976	0.088368	0.088270	
0.002322	0.000904	0.006765	0.017477	0.029035	0.004472	0.015253	0.070814	0.122796	0.009294	0.018911	0.196158	0.031454	0.030445	0.037838	0.057691	0.027363	0.161514	0.061188	0.098307	
0.006611	0.006752	0.025779	0.016655	0.023140	0.015468	0.043464	0.036683	0.044571	0.041207	0.031145	0.054433	0.151365	0.095384	0.073771	0.162672	0.030545	0.053700	0.037890	0.048766	
0.013509	0.022281	0.058583	0.010971	0.015863	0.019454	0.014795	0.029383	0.032610	0.086746	0.026503	0.057430	0.202398	0.088911	0.034591	0.078625	0.017617	0.071836	0.056927	0.060967	
0.006105	0.006102	0.014641	0.020363	0.024026	0.012377	0.031776	0.028937	0.067526	0.066026	0.060082	0.077565	0.083958	0.102099	0.059162	0.100017	0.044955	0.074669	0.054875	0.064740	
0.031342	0.036398	0.038025	0.007095	0.022532	0.057830	0.035827	0.042094	0.024583	0.067331	0.020703	0.060791	0.109176	0.048535	0.041034	0.066029	0.015839	0.091740	0.077423	0.105673	
0.000854	0.001606	0.005380	0.011350	0.008205	0.001582	0.003231	0.020800	0.012294	0.101079	0.251052	0.010440	0.025685	0.217061	0.083473	0.034280	0.164427	0.013415	0.014019	0.019769	
0.001198	0.001855	0.007567	0.010311	0.010288	0.000745	0.001966	0.012747	0.003933	0.110826	0.202523	0.005647	0.028173	0.216574	0.113655	0.025052	0.216447	0.007306	0.010767	0.012420	
0.000128	0.000121	0.000983	0.015715	0.040153	0.000456	0.002445	0.015139	0.007631	0.004938	0.054391	0.006602	0.014541	0.073865	0.335517	0.054230	0.324126	0.008908	0.017287	0.022825	
0.001490	0.001982	0.022485	0.026376	0.010504	0.000799	0.001615	0.035134	0.016962	0.108335	0.182231	0.013461	0.028146	0.260728	0.045699	0.013347	0.170081	0.012732	0.024811	0.023082	
0.006003	0.006080	0.009384	0.013403	0.028325	0.005051	0.060731	0.004761	0.009701	0.037687	0.032202	0.016636	0.158398	0.030849	0.072525	0.391595	0.021133	0.027830	0.034802	0.032906	
0.043921	0.059581	0.057426	0.007740	0.012824	0.123857	0.036890	0.020237	0.029319	0.106405	0.019486	0.067237	0.069661	0.028970	0.013891	0.038358	0.008487	0.107169	0.065991	0.082550	
0.002606	0.001747	0.007415	0.012431	0.017914	0.002911	0.007630	0.053561	0.027703	0.060286	0.119735	0.051353	0.034751	0.102127	0.073467	0.053699	0.078806	0.111800	0.068772	0.111286	
0.001010	0.000599	0.005952	0.016233	0.033366	0.001280	0.004293	0.071268	0.049500	0.007618	0.029371	0.047579	0.042361	0.056693	0.160259	0.143549	0.102938	0.053051	0.076446	0.096633	
0.006248	0.003120	0.017159	0.022059	0.019741	0.004343	0.017081	0.046782	0.038498	0.041527	0.060685	0.057275	0.069891	0.077766	0.050554	0.104930	0.048912	0.104981	0.096432	0.112018	
0.017877	0.012276	0.020537	0.018988	0.039510	0.054345	0.102029	0.032142	0.081571	0.024505	0.013013	0.164999	0.055598	0.017808	0.024676	0.058154	0.011611	0.121586	0.050345	0.078428	
0.001180	0.001983	0.008147	0.140438	0.021843	0.001194	0.020228	0.006289	0.018040	0.045482	0.077766	0.009286	0.091897	0.079054	0.126034	0.196622	0.086052	0.013224	0.033702	0.021540	
0.004871	0.002413	0.011331	0.003250	0.018315	0.004079	0.005080	0.006288	0.023677	0.006447	0.003198	0.101706	0.130659	0.007058	0.012098	0.139564	0.002723	0.244575	0.123978	0.148692	
0.012367	0.008390	0.013206	0.019093	0.039744	0.042144	0.070631	0.022650	0.081771	0.019998	0.011258	0.136678	0.036731	0.013479	0.022979	0.045776	0.010696	0.181069	0.088401	0.122939	
0.003357	0.002495	0.010454	0.020975	0.016605	0.008246	0.019884	0.062003	0.112618	0.024243	0.028945	0.123487	0.047782	0.063985	0.045770	0.065759	0.033626	0.125406	0.076403	0.107956	
0.006741	0.003008	0.008962	0.012622	0.022055	0.009030	0.026837	0.027754	0.039700	0.019782	0.024092	0.081986	0.071257	0.042243	0.044293	0.115207	0.023311	0.161199	0.117750	0.142169	
0.002274	0.001445	0.009577	0.010385	0.023537	0.006693	0.013482	0.052897	0.094827	0.013826	0.015376	0.173769	0.069240	0.037562	0.034117	0.083082	0.016522	0.169812	0.062943	0.108636	
0.002351	0.002106	0.020357	0.012978	0.015429	0.006178	0.014118	0.061890	0.109044	0.033850	0.029635	0.129363	0.099654	0.079452	0.049222	0.113604	0.028380	0.091833	0.038242	0.062311	
0.059853	0.111805	0.078476	0.003582	0.009037	0.103749	0.026979	0.011871	0.010063	0.120776	0.013962	0.032467	0.170661	0.041853	0.018950	0.062492	0.007115	0.044266	0.035794	0.036250	
0.000946	0.001318	0.004964	0.013815	0.017609	0.001402	0.004783	0.015688	0.009392	0.054401	0.144182	0.012892	0.048660	0.195029	0.159268	0.080924	0.170352	0.018633	0.021444	0.024299	
0.000811	0.001561	0.005754	0.011585	0.029718	0.002176	0.004157	0.021097	0.004919	0.030728	0.077710	0.008614	0.033110	0.151088	0.266612	0.070486	0.238054	0.009064	0.016115	0.016640	
0.000082	0.000126	0.001144	0.009929	0.105668	0.000551	0.002938	0.007647	0.004626	0.004020	0.031718	0.003802	0.024258	0.049873	0.422615	0.129372	0.175469	0.005000	0.009143	0.012018	
0.001119	0.000362	0.008120	0.001348	0.002140	0.001357	0.000584	0.434311	0.056967	0.006420	0.007005	0.093576	0.006634	0.016580	0.004056	0.004128	0.006568	0.098777	0.063208	0.186741	
0.009950	0.023291	0.007657	0.008829	0.003926	0.009453	0.019661	0.005660	0.005253	0.506822	0.213976	0.012608	0.016369	0.040993	0.013709	0.015281	0.018759	0.031769	0.013450	0.022586	
0.000696	0.000580	0.002770	0.039161	0.015166	0.000347	0.001548	0.024989	0.010413	0.028416	0.237108	0.013272	0.015413	0.111273	0.099315	0.042024	0.275776	0.020680	0.028954	0.032100	
0.000780	0.001036	0.015827	0.076198	0.024567	0.000396	0.003806	0.007829	0.009276	0.033575	0.060157	0.007930	0.156896	0.157659	0.121420	0.141661	0.102522	0.011260	0.044415	0.022790	
0.003111	0.000862	0.007400	0.002711	0.031602	0.000984	0.004562	0.005855	0.006700	0.002069	0.002548	0.030392	0.122522	0.004132	0.026546	0.454456	0.003868	0.128822	0.078538	0.082321	
0.006033	0.007527	0.013011	0.019837	0.031114	0.156854	0.145423	0.035966	0.168164	0.023042	0.008655	0.228966	0.013567	0.009276	0.006168	0.010763	0.004519	0.065064	0.015404	0.030647	
0.000560	0.001224	0.021890	0.004249	0.001389	0.000182	0.000807	0.003151	0.001185	0.023971	0.011243	0.001326	0.517976	0.110480	0.039963	0.158726	0.010961	0.005645	0.057997	0.027076	
0.000456	0.000093	0.000273	0.000153	0.002486	0.000254	0.000308	0.001335	0.001806	0.000140	0.000138	0.007905	0.003638	0.000199	0.000954	0.011919	0.000211	0.086309	0.527390	0.354035	
0.000286	0.000106	0.000199	0.000345	0.000893	0.001164	0.000708	0.004623	0.004600	0.000452	0.000506	0.016162	0.000842	0.000502	0.000923	0.001802	0.000530	0.113495	0.374485	0.477378	
0.000668	0.000183	0.000394	0.000675	0.000908	0.000547	0.000653	0.009643	0.004366	0.000889	0.001234	0.018650	0.000970	0.000711	0.000747	0.001811	0.000665	0.121296	0.344308	0.490682	
0.000812	0.000169	0.000531	0.001089	0.001427	0.001309	0.002161	0.052335	0.032578	0.000458	0.000812	0.068900	0.001102	0.000860	0.001098	0.004341	0.000896	0.180243	0.255308	0.393572	
0.001147	0.000212	0.002741	0.002622	0.005325	0.002124	0.009735	0.038026	0.072944	0.001867	0.001696	0.273183	0.009290	0.002895	0.004085	0.032788	0.001556	0.295735	0.083450	0.158579	
0.018157	0.010368	0.007160	0.001635	0.013278	0.414737	0.215707	0.022208	0.035088	0.001978	0.000600	0.073218	0.010358	0.002021	0.004136	0.012957	0.000789	0.080428	0.025067	0.050109	
0.000918	0.000329	0.004519	0.011734	0.025352	0.002777	0.008499	0.136224	0.179450	0.003735	0.006184	0.227179	0.009027	0.013146	0.015429	0.012080	0.011349	0.183562	0.041808	0.106699	
0.001026	0.000978	0.009437	0.010003	0.041435	0.002314	0.008895	0.020404	0.025311	0.027761	0.055634	0.036679	0.102541	0.121783	0.139714	0.235127	0.075911	0.042831	0.017595	0.024622	
0.001139	0.002783	0.043202	0.006176	0.002465	0.001438	0.002215	0.017107	0.008324	0.202671	0.074964	0.010890	0.120522	0.405211	0.024698	0.020973	0.030403	0.010623	0.006635	0.007561	
0.001508	0.000230	0.002176	0.001603	0.008190	0.000564	0.003880	0.015504	0.008388	0.000909	0.002918	0.019036	0.045260	0.006766	0.031532	0.548778	0.007716	0.063808	0.128816	0.102415	
0.026446	0.021618	0.016126	0.001510	0.003673	0.722571	0.040639	0.008260	0.015122	0.007401	0.000565	0.065086	0.005137	0.001530	0.000787	0.001666	0.000388	0.041555	0.007424	0.012494	
0.000712	0.000946	0.014238	0.007456	0.015799	0.000723	0.003973	0.010568	0.017263	0.011274	0.007795	0.033839	0.322416	0.030286	0.042750	0.412676	0.007899	0.025612	0.015369	0.018405	
0.000269	0.000529	0.004625	0.007938	0.017932	0.000687	0.001572	0.009006	0.003584	0.022618	0.073644	0.004749	0.072389	0.144551	0.288669	0.148651	0.159350	0.009079	0.014833	0.015326	
0.000275	0.000333	0.001902	0.007164	0.078187	0.000680	0.003542	0.005534	0.001811	0.004305	0.019759	0.002976	0.043569	0.033453	0.372497	0.272408	0.106013	0.005950	0.021760	0.017883	
0.000730	0.000450	0.007115	0.005340	0.013885	0.002569	0.001376	0.290024	0.056311	0.006470	0.013066	0.090105	0.015011	0.039896	0.031566	0.015267	0.034052	0.088479	0.087895	0.200393	
0.000528	0.001908	0.003395	0.012721	0.005646	0.000852	0.002033	0.006444	0.003834	0.274158	0.352199	0.006423	0.016135	0.130821	0.040528	0.010740	0.078487	0.017307	0.015231	0.020610	
0.000732	0.000472	0.004990	0.102785	0.035019	0.000253	0.002269	0.019620	0.033082	0.013038	0.194641	0.014673	0.009102	0.054584	0.073502	0.020774	0.373626	0.010524	0.014893	0.021419	
0.083316	0.009085	0.021268	0.019958	0.018960	0.023767	0.556185	0.010588	0.025372	0.023943	0.012987	0.028002	0.019829	0.009966	0.012502	0.049765	0.010448	0.028397	0.018370	0.017292	
0.009210	0.007489	0.007178	0.004561	0.009495	0.472619	0.226987	0.013112	0.048152	0.010097	0.002545	0.080298	0.012089	0.005948	0.004635	0.008048	0.002001	0.041843	0.012943	0.020750	
0.000444	0.000447	0.006485	0.014074	0.016944	0.000404	0.001527	0.032885	0.005423	0.015487	0.075430	0.004413	0.030632	0.167474	0.262911	0.054265	0.265481	0.006614	0.018553	0.020106	
0.000449	0.000722	0.003231	0.004475	0.065695	0.000618	0.005285	0.001670	0.001793	0.003789	0.005116	0.003538	0.097307	0.011680	0.209607	0.545937	0.021713	0.004797	0.006417	0.006162	
0.001122	0.000949	0.008333	0.018584	0.026870	0.005400	0.005673	0.091069	0.135183	0.017574	0.037673	0.122425	0.025713	0.062832	0.041029	0.036405	0.053645	0.110912	0.082377	0.116233	
0.010254	0.004296	0.021474	0.007843	0.014113	0.006514	0.008971	0.103630	0.046022	0.027999	0.022275	0.101740	0.048844	0.040901	0.022448	0.050905	0.014760	0.172678	0.118403	0.155931	
0.029647	0.029791	0.069081	0.036332	0.025169	0.030699	0.050025	0.027104	0.068700	0.129329	0.044168	0.090463	0.071632	0.046023	0.023395	0.045730	0.020435	0.080008	0.035005	0.047265	
0.002269	0.001667	0.010332	0.012355	0.029080	0.004453	0.009209	0.046103	0.101489	0.021828	0.026717	0.127156	0.059215	0.037426	0.032291	0.068059	0.021166	0.152917	0.097410	0.138859	
0.002094	0.003552	0.027074	0.008964	0.010592	0.002406	0.004563	0.014759	0.024253	0.033967	0.016560	0.032575	0.241486	0.080689	0.040118	0.089454	0.016588	0.044772	0.171098	0.134435	
0.000820	0.000201	0.000129	0.000174	0.000364	0.000368	0.000574	0.000955	0.001033	0.000143	0.000112	0.002077	0.000686	0.000095	0.000161	0.001422	0.000089	0.022348	0.671494	0.296755	
0.000100	0.000031	0.000050	0.000052	0.000170	0.000191	0.000212	0.000738	0.000686	0.000108	0.000091	0.002322	0.000393	0.000095	0.000158	0.000517	0.000069	0.033520	0.503245	0.457253	
0.000043	0.000016	0.000017	0.000015	0.000055	0.000072	0.000053	0.001203	0.000644	0.000023	0.000021	0.002212	0.000076	0.000018	0.000031	0.000124	0.000014	0.024910	0.371759	0.598693	
0.000020	0.000003	0.000003	0.000008	0.000012	0.000013	0.000020	0.000971	0.000344	0.000004	0.000007	0.000735	0.000009	0.000006	0.000008	0.000028	0.000008	0.008925	0.587649	0.401226	
0.000007	0.000001	0.000002	0.000007	0.000012	0.000002	0.000007	0.000348	0.000124	0.000001	0.000004	0.000376	0.000008	0.000004	0.000007	0.000037	0.000006	0.007258	0.658869	0.332920	
0.000030	0.000003	0.000007	0.000004	0.000017	0.000009	0.000013	0.000556	0.000124	0.000002	0.000002	0.000905	0.000018	0.000002	0.000005	0.000054	0.000002	0.019863	0.557809	0.420575	
0.000041	0.000008	0.000013	0.000008	0.000032	0.000070	0.000042	0.003519	0.000868	0.000005	0.000004	0.005244	0.000028	0.000007	0.000011	0.000072	0.000005	0.040719	0.462043	0.487260	
0.000075	0.000010	0.000087	0.000073	0.000262	0.000041	0.000067	0.011466	0.002817	0.000016	0.000032	0.008446	0.000262	0.000083	0.000216	0.001009	0.000095	0.046999	0.496904	0.431042	
0.000537	0.000109	0.000418	0.000262	0.001194	0.000379	0.000744	0.014222	0.004157	0.000159	0.000162	0.029487	0.001444	0.000242	0.000475	0.003934	0.000157	0.188348	0.313980	0.439591	
0.001236	0.000626	0.002890	0.003772	0.004066	0.002765	0.005120	0.026939	0.053234	0.001412	0.000694	0.174590	0.006712	0.001093	0.001275	0.007666	0.000527	0.273612	0.166810	0.264960	
0.001417	0.000604	0.007686	0.003648	0.017232	0.002661	0.008295	0.020061	0.059981	0.002925	0.002222	0.196532	0.070935	0.006095	0.011696	0.104171	0.002480	0.260615	0.076662	0.144083	
0.007297	0.003425	0.006280	0.020665	0.047009	0.050922	0.259409	0.032547	0.083740	0.009701	0.008217	0.120296	0.025300	0.011954	0.018028	0.038796	0.007919	0.107656	0.057059	0.083780	
0.003488	0.003189	0.033198	0.008609	0.017801	0.006543	0.018960	0.056514	0.062948	0.032636	0.021989	0.063156	0.199166	0.104433	0.064455	0.135391	0.026993	0.047954	0.039016	0.053559	
0.001239	0.001992	0.006198	0.015110	0.019896	0.001550	0.005532	0.018537	0.009546	0.063757	0.142048	0.012544	0.064806	0.162669	0.153981	0.093412	0.137339	0.018892	0.033529	0.037423	
0.000808	0.000883	0.003709	0.015169	0.015292	0.000716	0.002633	0.018447	0.006251	0.032157	0.125540	0.006205	0.022047	0.172465	0.160230	0.038286	0.300245	0.008118	0.041640	0.029159	
0.000346	0.000610	0.004324	0.015696	0.030308	0.000606	0.002008	0.009115	0.003711	0.022654	0.069322	0.004375	0.030650	0.147025	0.273268	0.031569	0.311585	0.005982	0.019769	0.017076	
0.000422	0.000764	0.004458	0.014289	0.025378	0.000710	0.002413	0.009109	0.006017	0.039406	0.114457	0.006328	0.033438	0.185035	0.193263	0.038260	0.274019	0.008232	0.022299	0.021703	
0.000558	0.000821	0.004628	0.015287	0.028895	0.000759	0.002831	0.022391	0.006052	0.029415	0.096418	0.007201	0.025157	0.146528	0.227990	0.031036	0.287300	0.009726	0.027252	0.029754	
0.000533	0.000622	0.002602	0.019112	0.034980	0.001200	0.005409	0.029250	0.012745	0.014892	0.076046	0.011288	0.019078	0.102194	0.225205	0.058385	0.269593	0.014853	0.050297	0.051717	
0.001446	0.001306	0.006385	0.017327	0.023470	0.001007	0.003146	0.032152	0.009215	0.030547	0.088916	0.015450	0.039917	0.122201	0.123374	0.058940	0.146388	0.041768	0.120031	0.117012	
0.003609	0.004955	0.012417	0.013202	0.029653	0.005036	0.009012	0.023231	0.016330	0.044180	0.047819	0.042258	0.092758	0.073976	0.109165	0.107618	0.060385	0.088873	0.090666	0.124859	
0.001918	0.001929	0.008271	0.028018	0.029965	0.003369	0.009191	0.040525	0.061579	0.019843	0.040181	0.090467	0.063353	0.059746	0.081798	0.102939	0.059195	0.092672	0.086617	0.118427	
0.004017	0.003641	0.014463	0.013588	0.022010	0.004941	0.014126	0.019244	0.025102	0.023736	0.025078	0.057872	0.153390	0.048357	0.067202	0.223985	0.023566	0.097436	0.071826	0.086419	
0.011374	0.013163	0.031297	0.015512	0.037282	0.028048	0.029857	0.021901	0.057991	0.020354	0.012980	0.099446	0.152682	0.033778	0.045914	0.148892	0.015201	0.091931	0.061530	0.070866	
