0.016838	0.016833	0.034416	0.025081	0.030044	0.019353	0.022849	0.045176	0.047317	0.041631	0.042239	0.061708	0.095526	0.065771	0.054802	0.083236	0.039800	0.080608	0.081736	0.095037	
0.020423	0.017062	0.028761	0.031033	0.031786	0.020019	0.034501	0.040845	0.048236	0.045118	0.046261	0.063409	0.072741	0.051006	0.048139	0.089689	0.040153	0.076602	0.093181	0.101037	
0.109845	0.091764	0.064331	0.019766	0.015749	0.091448	0.057069	0.021418	0.028207	0.068129	0.020621	0.045588	0.066376	0.026067	0.015830	0.036565	0.011413	0.065455	0.077071	0.067287	
0.015523	0.010254	0.028719	0.020967	0.024690	0.027245	0.044589	0.041388	0.058540	0.047639	0.034894	0.106448	0.092728	0.048400	0.040564	0.082623	0.024047	0.118901	0.053516	0.078325	
0.004537	0.005494	0.013061	0.033074	0.041143	0.008131	0.034203	0.025067	0.039437	0.058298	0.084891	0.050737	0.081342	0.079523	0.108682	0.138533	0.070242	0.043768	0.032183	0.047654	
0.000904	0.000834	0.004670	0.017455	0.059866	0.001602	0.005721	0.022626	0.011903	0.008985	0.050189	0.010487	0.041989	0.068996	0.290918	0.133544	0.190395	0.014133	0.031766	0.033016	
0.003660	0.003435	0.018391	0.013573	0.018177	0.005898	0.006493	0.148331	0.050737	0.051481	0.070971	0.047697	0.029653	0.146405	0.061637	0.021916	0.104683	0.046061	0.057991	0.092810	
0.001859	0.002628	0.005642	0.031981	0.021340	0.002486	0.014389	0.010918	0.008134	0.088605	0.260966	0.008459	0.028724	0.120379	0.122032	0.032966	0.192974	0.011527	0.015175	0.018815	
0.001216	0.001474	0.005649	0.024215	0.016066	0.001019	0.003143	0.016835	0.008819	0.058769	0.216310	0.006724	0.018789	0.150177	0.097347	0.025698	0.292891	0.009877	0.020530	0.024453	
0.000792	0.001026	0.005482	0.027724	0.025704	0.000915	0.002654	0.013797	0.007318	0.036089	0.147099	0.005219	0.015334	0.147425	0.138769	0.015283	0.367886	0.007313	0.017148	0.017021	
0.001737	0.002343	0.009596	0.030488	0.042794	0.002722	0.006116	0.019613	0.017160	0.038832	0.108257	0.015334	0.034533	0.140955	0.160141	0.035137	0.252330	0.019155	0.029222	0.033536	
0.005786	0.005487	0.034250	0.066794	0.073961	0.002211	0.011536	0.015877	0.017325	0.043291	0.077659	0.014692	0.083165	0.093911	0.142215	0.071196	0.157179	0.016125	0.037315	0.030025	
0.017993	0.009639	0.020091	0.024476	0.039490	0.020172	0.043077	0.045467	0.059830	0.034879	0.040870	0.073031	0.042723	0.032909	0.037373	0.054334	0.033302	0.140757	0.099418	0.130169	
0.014344	0.006039	0.036919	0.026915	0.020738	0.011554	0.022897	0.050711	0.133686	0.035988	0.027062	0.165410	0.038729	0.029090	0.022525	0.040821	0.023250	0.133866	0.070062	0.089392	
0.116861	0.058000	0.030083	0.004512	0.009962	0.246608	0.074328	0.019342	0.023590	0.023915	0.004898	0.073004	0.021515	0.005771	0.005117	0.016882	0.002546	0.146685	0.050620	0.065761	
0.005965	0.002547	0.014851	0.020443	0.026527	0.017914	0.038826	0.114569	0.209583	0.010175	0.012944	0.218195	0.019841	0.023178	0.021865	0.024252	0.017643	0.097613	0.037760	0.065308	
0.009810	0.010966	0.034518	0.031272	0.028859	0.016232	0.058253	0.038692	0.041029	0.074652	0.062367	0.033807	0.108566	0.128535	0.079884	0.106865	0.052727	0.030343	0.024425	0.028198	
0.019671	0.025271	0.050892	0.016739	0.023549	0.021724	0.020576	0.032244	0.032032	0.114293	0.057460	0.046219	0.121610	0.102186	0.048635	0.068226	0.036212	0.058324	0.048554	0.055583	
0.004157	0.005109	0.014931	0.021853	0.028931	0.006533	0.015927	0.025372	0.036456	0.078657	0.114597	0.031076	0.063838	0.146159	0.096542	0.100866	0.096543	0.036216	0.035866	0.040371	
0.056597	0.064875	0.055367	0.006840	0.013123	0.076399	0.026130	0.067409	0.025334	0.073617	0.019470	0.047208	0.065125	0.044629	0.025672	0.031776	0.016308	0.067092	0.098701	0.118330	
0.001515	0.002992	0.004098	0.017550	0.008568	0.002063	0.004769	0.009929	0.008433	0.148450	0.373922	0.007287	0.014073	0.130415	0.045817	0.016677	0.153043	0.013089	0.014578	0.022733	
0.001597	0.002122	0.006900	0.014658	0.015357	0.001054	0.002172	0.016961	0.006033	0.077976	0.206049	0.007887	0.024260	0.176722	0.109654	0.024730	0.242773	0.014259	0.021068	0.027768	
0.000545	0.000647	0.004820	0.029643	0.041290	0.001131	0.003098	0.025100	0.015360	0.015317	0.085883	0.009889	0.015813	0.119381	0.179249	0.021681	0.375215	0.009969	0.022037	0.023932	
0.002301	0.002511	0.014651	0.022588	0.019631	0.001323	0.002815	0.025608	0.014143	0.095621	0.219184	0.012612	0.025876	0.178776	0.070624	0.019701	0.213988	0.017184	0.016739	0.024122	
0.012724	0.010375	0.022625	0.029130	0.032813	0.012995	0.129180	0.014494	0.033463	0.058743	0.055073	0.032953	0.098499	0.056394	0.077996	0.226658	0.042988	0.018677	0.016830	0.017388	
0.090428	0.147832	0.059553	0.011739	0.008766	0.260825	0.084582	0.016109	0.023617	0.088687	0.014867	0.026084	0.035905	0.021109	0.008428	0.015047	0.007192	0.027145	0.025650	0.026436	
0.008325	0.004235	0.019217	0.016503	0.035232	0.005994	0.015186	0.031819	0.029553	0.042893	0.071402	0.044446	0.070026	0.083275	0.084058	0.073347	0.070915	0.104950	0.082178	0.106446	
0.003692	0.002054	0.012126	0.034981	0.065259	0.004721	0.016779	0.042830	0.059875	0.018493	0.042521	0.055932	0.038771	0.048628	0.116948	0.085322	0.097458	0.073734	0.082935	0.096940	
0.007044	0.004048	0.022432	0.023309	0.029130	0.007194	0.013127	0.048151	0.053065	0.054702	0.068135	0.087117	0.054822	0.074979	0.044162	0.050458	0.052259	0.148258	0.061435	0.096171	
0.019936	0.012676	0.034897	0.025658	0.048980	0.029041	0.040572	0.069719	0.120061	0.022293	0.017271	0.181049	0.048698	0.020961	0.027593	0.043618	0.017359	0.095140	0.047338	0.077141	
0.006386	0.009601	0.019616	0.163897	0.014674	0.003375	0.044473	0.007979	0.014683	0.068413	0.076775	0.008039	0.110763	0.102317	0.073036	0.126653	0.064477	0.010741	0.053122	0.020978	
0.011459	0.003568	0.015391	0.003250	0.030706	0.005567	0.008015	0.007259	0.018154	0.004463	0.002310	0.077472	0.122243	0.004251	0.014505	0.160603	0.002598	0.214930	0.145590	0.147666	
0.012393	0.007459	0.018689	0.038714	0.067761	0.037979	0.075094	0.035050	0.103838	0.021379	0.020277	0.117419	0.031564	0.018050	0.038179	0.040829	0.025990	0.119308	0.068231	0.101797	
0.007892	0.003167	0.013207	0.020637	0.022672	0.011834	0.026923	0.042949	0.071972	0.015505	0.014798	0.096920	0.035579	0.025843	0.026978	0.045426	0.017970	0.192908	0.148008	0.158813	
0.006360	0.002002	0.009534	0.009539	0.024025	0.008235	0.016448	0.045402	0.054321	0.015652	0.018933	0.145486	0.030111	0.021705	0.023105	0.044010	0.015201	0.268478	0.090414	0.151039	
0.004305	0.003072	0.018241	0.019814	0.029989	0.008834	0.014654	0.096660	0.104829	0.026443	0.031515	0.140260	0.046369	0.060428	0.049419	0.063908	0.038769	0.110663	0.051031	0.080796	
0.004499	0.004557	0.024781	0.024517	0.025774	0.014130	0.027421	0.092601	0.132715	0.036862	0.037196	0.117911	0.062966	0.086822	0.055955	0.079712	0.042698	0.058204	0.029116	0.041565	
0.092066	0.217512	0.086044	0.006630	0.009686	0.156244	0.045532	0.009709	0.009662	0.091839	0.010656	0.016605	0.112455	0.027681	0.014286	0.035366	0.005605	0.018002	0.017996	0.016424	
0.001261	0.001413	0.006505	0.022231	0.030389	0.001393	0.004426	0.012453	0.009964	0.037247	0.148683	0.010899	0.048192	0.131864	0.172969	0.078336	0.205056	0.021411	0.023891	0.031415	
0.001225	0.001596	0.007582	0.024382	0.040825	0.002047	0.005514	0.023955	0.014153	0.031902	0.094791	0.012658	0.025629	0.150073	0.200990	0.037395	0.264314	0.013591	0.022668	0.024707	
0.000381	0.000340	0.004072	0.010593	0.124833	0.000678	0.003862	0.006265	0.005633	0.005275	0.023287	0.005230	0.046200	0.036986	0.369566	0.192860	0.129586	0.007797	0.013150	0.013405	
0.003265	0.001277	0.008746	0.002553	0.004114	0.005918	0.002287	0.222997	0.074021	0.011101	0.010630	0.128067	0.007768	0.014958	0.005100	0.006998	0.008954	0.152787	0.091855	0.236605	
0.019438	0.039189	0.009899	0.011265	0.004922	0.018362	0.023490	0.008210	0.005508	0.491795	0.204670	0.010618	0.012077	0.041315	0.011879	0.010557	0.021219	0.024792	0.011806	0.018987	
0.001475	0.001182	0.006873	0.040562	0.021673	0.001100	0.003472	0.048341	0.028782	0.034887	0.194838	0.034564	0.023377	0.123601	0.079755	0.042805	0.199009	0.037490	0.029843	0.046370	
0.002621	0.003533	0.010664	0.254033	0.024491	0.000915	0.016548	0.006377	0.008994	0.041943	0.105652	0.003472	0.052830	0.101791	0.088423	0.080514	0.133564	0.005108	0.044775	0.013753	
0.006014	0.001641	0.019141	0.002107	0.020762	0.001067	0.002448	0.004348	0.006196	0.005370	0.003794	0.033933	0.277158	0.008208	0.022114	0.303756	0.003893	0.130629	0.074376	0.073045	
0.015991	0.016040	0.021594	0.032018	0.087134	0.125579	0.119370	0.029282	0.137207	0.017092	0.008003	0.159395	0.023947	0.006647	0.013822	0.022142	0.007788	0.076376	0.027719	0.052854	
0.004402	0.008585	0.062626	0.018205	0.005821	0.002669	0.009045	0.007309	0.010075	0.088477	0.023495	0.007754	0.361074	0.124002	0.035931	0.099311	0.017868	0.014882	0.065059	0.033412	
0.001495	0.000353	0.000897	0.000586	0.003752	0.000988	0.001322	0.003093	0.004373	0.000382	0.000264	0.015590	0.006750	0.000425	0.001405	0.008890	0.000359	0.115446	0.469108	0.364521	
0.001334	0.000606	0.000665	0.000914	0.001393	0.002850	0.002327	0.009067	0.007366	0.001273	0.000989	0.020789	0.002455	0.001167	0.001280	0.002457	0.000867	0.125785	0.348098	0.468316	
0.001649	0.000413	0.001033	0.001989	0.002012	0.000657	0.001475	0.008491	0.004060	0.001040	0.001331	0.012690	0.003274	0.001162	0.001817	0.004166	0.001382	0.093825	0.433145	0.424389	
0.001019	0.000246	0.000501	0.002293	0.004027	0.002291	0.004463	0.026055	0.024337	0.000726	0.001221	0.058913	0.001431	0.000901	0.002053	0.004188	0.001413	0.223557	0.247439	0.392926	
0.000742	0.000150	0.002936	0.003809	0.005101	0.001117	0.004240	0.025586	0.126391	0.001807	0.001618	0.355472	0.008310	0.002735	0.002902	0.017602	0.001678	0.248378	0.065571	0.123855	
0.016991	0.007944	0.003936	0.002880	0.013579	0.301966	0.334294	0.010559	0.026903	0.002774	0.000670	0.065156	0.007304	0.000963	0.003508	0.011542	0.000692	0.110505	0.027150	0.050682	
0.001893	0.001143	0.006465	0.007521	0.012563	0.008537	0.011263	0.103256	0.136922	0.008651	0.009584	0.255583	0.013418	0.018522	0.010439	0.009558	0.008738	0.222459	0.033297	0.120191	
0.000664	0.001062	0.011279	0.015497	0.037853	0.001335	0.004774	0.013808	0.014997	0.040610	0.074518	0.020325	0.124452	0.154141	0.148950	0.188423	0.094132	0.022175	0.013234	0.017770	
0.001172	0.003675	0.043389	0.015750	0.007397	0.001319	0.002657	0.010337	0.010618	0.130362	0.067614	0.007154	0.158435	0.401080	0.040972	0.037203	0.043640	0.005590	0.006203	0.005434	
0.000350	0.000063	0.001126	0.002727	0.015431	0.000119	0.002520	0.003846	0.004089	0.001009	0.005488	0.009403	0.045030	0.006164	0.064762	0.726098	0.013302	0.027787	0.041235	0.029450	
0.023479	0.039707	0.016523	0.003126	0.004337	0.730406	0.033486	0.009509	0.023891	0.012118	0.001016	0.049396	0.005820	0.002944	0.001285	0.001841	0.000891	0.022738	0.007077	0.010410	
0.000680	0.000659	0.015627	0.003843	0.017403	0.000523	0.002282	0.006182	0.006899	0.005328	0.005417	0.014085	0.375727	0.026657	0.069165	0.390153	0.009770	0.016791	0.015125	0.017683	
0.000609	0.000759	0.004924	0.015152	0.025764	0.001198	0.003543	0.020940	0.008593	0.028035	0.111671	0.007649	0.032828	0.154102	0.213854	0.063429	0.228407	0.014528	0.030642	0.033373	
0.001301	0.001772	0.010103	0.019420	0.068082	0.002544	0.004062	0.021306	0.012372	0.023197	0.066704	0.011525	0.039863	0.121139	0.226419	0.054199	0.246395	0.014362	0.025498	0.029736	
0.001231	0.001186	0.013793	0.008197	0.017507	0.001957	0.001070	0.191520	0.054708	0.024984	0.050139	0.059988	0.021432	0.108436	0.057317	0.016128	0.110024	0.054911	0.060812	0.144661	
0.000499	0.001327	0.004932	0.024562	0.011904	0.000581	0.003321	0.002720	0.003469	0.144074	0.367634	0.002624	0.016997	0.154448	0.061507	0.009472	0.175949	0.003580	0.004657	0.005742	
0.001615	0.000803	0.004613	0.094322	0.022378	0.000360	0.004247	0.007259	0.012636	0.033552	0.378699	0.004854	0.004183	0.043960	0.034043	0.009222	0.322917	0.006055	0.006084	0.008197	
0.047024	0.007787	0.009671	0.022062	0.010994	0.024062	0.732432	0.004175	0.020948	0.016647	0.009198	0.016618	0.010321	0.005469	0.007949	0.029944	0.006278	0.008826	0.005262	0.004333	
0.017907	0.024793	0.011348	0.001633	0.002992	0.742966	0.097973	0.006812	0.017173	0.007081	0.000878	0.024618	0.008336	0.002763	0.001859	0.002744	0.000812	0.013483	0.005609	0.008219	
0.000352	0.000489	0.006147	0.020728	0.018255	0.000290	0.001234	0.016843	0.006611	0.020371	0.116664	0.003207	0.023410	0.194366	0.194105	0.026307	0.324582	0.004684	0.009997	0.011359	
0.000541	0.000332	0.003976	0.007626	0.121436	0.000383	0.006748	0.001952	0.002579	0.002457	0.005687	0.003633	0.065474	0.009566	0.329833	0.376899	0.041320	0.004957	0.007811	0.006788	
0.001372	0.001034	0.013028	0.048853	0.054026	0.005217	0.007356	0.061738	0.183771	0.021215	0.059649	0.094555	0.020145	0.074448	0.056604	0.031178	0.115860	0.058079	0.039851	0.052023	
0.017618	0.006567	0.025390	0.012503	0.026493	0.008722	0.017028	0.086289	0.041180	0.030472	0.030774	0.066153	0.047564	0.043960	0.045571	0.081856	0.032054	0.118801	0.134930	0.126074	
0.013201	0.010572	0.038156	0.041312	0.040050	0.025599	0.048562	0.045343	0.135404	0.069397	0.040341	0.142986	0.042840	0.046872	0.028758	0.035167	0.028055	0.087135	0.031844	0.048408	
0.010426	0.009326	0.032929	0.023314	0.038848	0.021268	0.030024	0.052836	0.109112	0.050668	0.031069	0.100226	0.066413	0.048498	0.027173	0.038813	0.022599	0.110040	0.072161	0.104256	
0.004922	0.004462	0.042882	0.008871	0.016839	0.002735	0.004624	0.020891	0.034123	0.031276	0.015007	0.041635	0.194060	0.055151	0.029975	0.062882	0.015803	0.065718	0.179676	0.168466	
0.002169	0.000985	0.000756	0.000855	0.001019	0.001323	0.001742	0.002328	0.002327	0.001036	0.000665	0.003759	0.003151	0.000769	0.000988	0.003352	0.000591	0.029732	0.628793	0.313660	
0.000408	0.000109	0.000109	0.000078	0.000244	0.000421	0.000460	0.001069	0.000648	0.000097	0.000075	0.002116	0.000649	0.000085	0.000208	0.000580	0.000085	0.032168	0.471669	0.488719	
0.000074	0.000020	0.000016	0.000021	0.000058	0.000097	0.000077	0.000636	0.000286	0.000016	0.000011	0.000980	0.000060	0.000010	0.000026	0.000059	0.000014	0.017936	0.424614	0.554990	
0.000016	0.000003	0.000003	0.000007	0.000018	0.000020	0.000014	0.000681	0.000232	0.000003	0.000003	0.000742	0.000011	0.000004	0.000008	0.000013	0.000006	0.013162	0.463784	0.521268	
0.000014	0.000002	0.000002	0.000005	0.000006	0.000006	0.000005	0.000347	0.000062	0.000002	0.000002	0.000251	0.000006	0.000002	0.000004	0.000011	0.000003	0.007115	0.657207	0.334948	
0.000011	0.000002	0.000002	0.000004	0.000012	0.000008	0.000008	0.000576	0.000119	0.000002	0.000002	0.000815	0.000012	0.000002	0.000006	0.000020	0.000003	0.020943	0.470815	0.506640	
0.000029	0.000007	0.000011	0.000018	0.000034	0.000031	0.000026	0.001912	0.000465	0.000006	0.000005	0.002553	0.000040	0.000007	0.000017	0.000055	0.000008	0.028497	0.477277	0.489002	
0.000074	0.000016	0.000049	0.000098	0.000191	0.000060	0.000069	0.006718	0.001567	0.000027	0.000047	0.006593	0.000162	0.000065	0.000129	0.000259	0.000089	0.062050	0.406791	0.514946	
0.000675	0.000102	0.000364	0.000582	0.001322	0.000590	0.001008	0.021475	0.009031	0.000192	0.000218	0.041851	0.000865	0.000297	0.000530	0.001456	0.000316	0.171433	0.296414	0.451281	
0.001191	0.000526	0.002463	0.005376	0.004050	0.002688	0.006279	0.038570	0.060462	0.001894	0.001603	0.175638	0.009477	0.002595	0.002885	0.009880	0.001406	0.240737	0.159603	0.272678	
0.004312	0.001452	0.010491	0.005979	0.022148	0.005115	0.018989	0.025568	0.049533	0.004909	0.003712	0.167844	0.078786	0.006120	0.014319	0.120641	0.003528	0.222170	0.078364	0.156020	
0.018257	0.012749	0.016384	0.031064	0.055227	0.106542	0.243762	0.040724	0.070847	0.024539	0.016163	0.074077	0.031100	0.020254	0.033887	0.042273	0.017996	0.059660	0.036795	0.047699	
0.005486	0.005805	0.041804	0.015326	0.029030	0.010357	0.019547	0.070676	0.095556	0.035453	0.025832	0.093800	0.151011	0.089945	0.055927	0.080703	0.030488	0.055815	0.032055	0.055385	
0.001323	0.002644	0.007488	0.029889	0.021169	0.001800	0.011300	0.008259	0.007399	0.085217	0.180605	0.006104	0.059944	0.169611	0.153428	0.068070	0.158606	0.006436	0.010237	0.010472	
0.001129	0.001989	0.006720	0.022472	0.017324	0.001130	0.003466	0.009892	0.006991	0.083480	0.212369	0.005120	0.027625	0.185188	0.107221	0.025876	0.251544	0.006599	0.010473	0.013391	
0.000423	0.000607	0.004245	0.021244	0.030167	0.000442	0.002072	0.006270	0.003413	0.028116	0.120954	0.003059	0.026531	0.134110	0.216048	0.023913	0.355937	0.004597	0.008309	0.009545	
0.000703	0.001360	0.005331	0.034024	0.041016	0.001533	0.004872	0.010206	0.012145	0.045327	0.143350	0.007560	0.016594	0.132964	0.152215	0.018293	0.347117	0.005985	0.007915	0.011490	
0.001078	0.001677	0.007629	0.016495	0.033069	0.001421	0.004143	0.012533	0.005231	0.038979	0.105601	0.005676	0.043229	0.156367	0.222662	0.041345	0.260644	0.008048	0.016403	0.017771	
0.001091	0.001531	0.007496	0.018461	0.021508	0.001889	0.004142	0.029444	0.014911	0.041792	0.131640	0.012093	0.027235	0.197589	0.129763	0.031842	0.247064	0.014996	0.030931	0.034582	
0.004147	0.003411	0.010231	0.019994	0.015891	0.002434	0.005957	0.041301	0.013548	0.085927	0.198843	0.017457	0.027855	0.137155	0.067068	0.029155	0.147168	0.038865	0.059788	0.073806	
0.006688	0.009167	0.023679	0.027624	0.024808	0.004946	0.012334	0.012718	0.016193	0.135087	0.129349	0.023602	0.090942	0.125895	0.085861	0.081489	0.085668	0.033643	0.034297	0.036007	
0.006896	0.003627	0.016730	0.021125	0.039490	0.007307	0.016916	0.034582	0.050360	0.025668	0.042511	0.078900	0.070131	0.048848	0.067295	0.115697	0.049903	0.116108	0.083375	0.104531	
0.014633	0.010034	0.030466	0.023960	0.037231	0.015998	0.027035	0.032810	0.038768	0.064568	0.066298	0.065219	0.075720	0.071923	0.068372	0.083238	0.055513	0.099919	0.052070	0.066226	
0.015677	0.013824	0.033519	0.034713	0.036896	0.020009	0.027157	0.044896	0.071874	0.046030	0.047412	0.091247	0.070454	0.060365	0.054669	0.075757	0.045669	0.082650	0.059138	0.068044	
