0.015059	0.016452	0.037266	0.023576	0.034302	0.021383	0.027511	0.035422	0.048569	0.039913	0.035311	0.068775	0.130792	0.060119	0.054003	0.107878	0.033070	0.076590	0.061946	0.072063	
0.012557	0.015484	0.021978	0.031540	0.026125	0.017319	0.037659	0.019698	0.030700	0.043220	0.035273	0.039735	0.138476	0.049865	0.053878	0.211503	0.027183	0.050366	0.074094	0.063347	
0.050273	0.069575	0.067650	0.007888	0.014781	0.090461	0.033972	0.015999	0.022938	0.047826	0.011254	0.053395	0.166930	0.027106	0.021045	0.082015	0.007552	0.073117	0.067386	0.068835	
0.003838	0.004327	0.011235	0.012693	0.022488	0.010310	0.021153	0.018567	0.025037	0.049830	0.056137	0.044921	0.136775	0.074441	0.069170	0.171155	0.037077	0.085200	0.056106	0.089538	
0.002320	0.003404	0.010566	0.024149	0.049813	0.007267	0.018767	0.029665	0.039508	0.041233	0.064615	0.040292	0.075106	0.100489	0.142371	0.107064	0.095110	0.035183	0.046445	0.066633	
0.000747	0.000947	0.005600	0.014692	0.036982	0.001940	0.003175	0.029922	0.014940	0.018739	0.066177	0.012422	0.036179	0.103407	0.212274	0.083258	0.221681	0.018025	0.058782	0.060112	
0.002867	0.002881	0.011962	0.012129	0.015227	0.004713	0.005227	0.046832	0.018949	0.119240	0.136353	0.015796	0.024538	0.197099	0.066729	0.016978	0.153485	0.023658	0.053966	0.071372	
0.000813	0.001431	0.003890	0.015832	0.016091	0.001297	0.004505	0.015975	0.006859	0.067809	0.181898	0.007228	0.031251	0.130300	0.155514	0.040509	0.218793	0.013200	0.039859	0.046945	
0.000406	0.000761	0.003053	0.013454	0.014545	0.000530	0.001231	0.007823	0.003535	0.078378	0.256997	0.003138	0.012395	0.138275	0.093674	0.015564	0.309851	0.007355	0.018729	0.020308	
0.000387	0.000569	0.003241	0.018683	0.014234	0.000466	0.001366	0.013478	0.006467	0.043659	0.183981	0.005374	0.011511	0.169477	0.101020	0.011118	0.368882	0.007571	0.018902	0.019616	
0.001085	0.001508	0.008249	0.015921	0.032427	0.001695	0.002577	0.020313	0.009244	0.045785	0.115691	0.013897	0.037798	0.127768	0.161480	0.042644	0.237808	0.027328	0.047495	0.049287	
0.002001	0.002368	0.020071	0.052088	0.058902	0.001640	0.008668	0.013175	0.020227	0.046958	0.077397	0.017750	0.103548	0.106342	0.156120	0.106869	0.140293	0.016099	0.025238	0.024245	
0.008533	0.003489	0.017196	0.016189	0.033047	0.005351	0.014623	0.043794	0.041323	0.021459	0.029637	0.069304	0.060981	0.024877	0.038592	0.073651	0.029670	0.168044	0.129167	0.171072	
0.004785	0.002568	0.018924	0.010841	0.009580	0.010654	0.022127	0.039387	0.143053	0.022532	0.014197	0.259635	0.060172	0.024887	0.014742	0.065601	0.009466	0.149038	0.042460	0.075351	
0.113953	0.094309	0.036423	0.005110	0.010329	0.331584	0.112357	0.015723	0.015451	0.014315	0.002992	0.036994	0.027639	0.005218	0.006825	0.021605	0.002497	0.057900	0.044144	0.044631	
0.005842	0.003003	0.014476	0.020707	0.047605	0.020195	0.045819	0.051431	0.136723	0.014140	0.016436	0.170737	0.045861	0.033729	0.048753	0.063504	0.025579	0.114533	0.046020	0.074907	
0.014152	0.012968	0.026673	0.027103	0.034609	0.046977	0.092796	0.040148	0.073412	0.057146	0.043123	0.066135	0.070858	0.087580	0.054424	0.069142	0.039975	0.057422	0.034529	0.050828	
0.026374	0.044352	0.084699	0.008241	0.014582	0.026193	0.014603	0.025069	0.024584	0.150851	0.039490	0.035890	0.158676	0.101213	0.035785	0.059213	0.021208	0.050642	0.036031	0.042303	
0.006837	0.008172	0.015943	0.023868	0.030111	0.014763	0.020865	0.022709	0.052569	0.130570	0.109507	0.046486	0.049709	0.117205	0.067143	0.067648	0.071949	0.054381	0.039944	0.049620	
0.020489	0.020601	0.029955	0.009777	0.021720	0.045370	0.029841	0.075858	0.051215	0.062104	0.026957	0.070737	0.068454	0.061126	0.041574	0.037653	0.024764	0.082404	0.090478	0.128923	
0.001452	0.002832	0.004440	0.015399	0.010578	0.002005	0.004545	0.010592	0.009085	0.157306	0.308852	0.008351	0.023254	0.134866	0.063126	0.036101	0.135724	0.018529	0.024377	0.028585	
0.001290	0.002210	0.006244	0.020090	0.014421	0.001278	0.002531	0.014752	0.008700	0.134147	0.250365	0.010228	0.018583	0.167485	0.070338	0.014465	0.202654	0.016911	0.018037	0.025271	
0.000558	0.000791	0.004553	0.027529	0.053136	0.001393	0.003358	0.020579	0.015805	0.018451	0.083585	0.015668	0.023786	0.088044	0.213226	0.042292	0.303565	0.016381	0.031372	0.035927	
0.002146	0.002238	0.012441	0.020231	0.019938	0.002109	0.002880	0.054430	0.016795	0.058458	0.154817	0.016649	0.027347	0.159359	0.083831	0.026519	0.221125	0.025753	0.040771	0.052162	
0.011484	0.010955	0.020441	0.031071	0.037343	0.011980	0.084815	0.014025	0.033702	0.088002	0.062046	0.041198	0.097759	0.059901	0.069610	0.204732	0.042215	0.028283	0.023979	0.026461	
0.076111	0.118230	0.055872	0.009325	0.015217	0.262826	0.109800	0.011352	0.021507	0.060515	0.010597	0.029192	0.054917	0.017862	0.013331	0.029015	0.006695	0.033868	0.031921	0.031847	
0.008355	0.005758	0.020407	0.011849	0.022573	0.007936	0.011853	0.032143	0.027457	0.065019	0.070858	0.048091	0.091908	0.084901	0.060292	0.082442	0.047550	0.120515	0.075045	0.105050	
0.002102	0.001551	0.007829	0.022072	0.047406	0.004193	0.010691	0.043142	0.049632	0.013700	0.039063	0.059060	0.051542	0.054129	0.132140	0.129985	0.088957	0.078733	0.072137	0.091935	
0.005542	0.002602	0.012523	0.019080	0.037664	0.006306	0.021372	0.044590	0.051834	0.032336	0.047332	0.077600	0.062716	0.057046	0.069559	0.123531	0.050171	0.117043	0.065429	0.095725	
0.020435	0.016147	0.036820	0.022805	0.050944	0.069152	0.094493	0.039558	0.118329	0.031906	0.014900	0.161030	0.056713	0.023520	0.028520	0.050850	0.015303	0.070211	0.030102	0.048263	
0.006935	0.011428	0.018247	0.095549	0.017867	0.005509	0.040715	0.005428	0.011011	0.086980	0.070333	0.007250	0.133850	0.084606	0.092508	0.187987	0.053915	0.013211	0.037034	0.019637	
0.003110	0.001036	0.008350	0.002879	0.029064	0.003331	0.006340	0.004600	0.022470	0.003023	0.002308	0.093522	0.152068	0.004262	0.017035	0.200004	0.002606	0.229438	0.096570	0.117983	
0.009861	0.004992	0.012902	0.018158	0.052029	0.027475	0.048831	0.024734	0.067245	0.019652	0.016030	0.119133	0.038007	0.014161	0.032163	0.047716	0.017426	0.210050	0.085572	0.133862	
0.003267	0.001660	0.008746	0.015143	0.018964	0.007174	0.013621	0.045630	0.082835	0.017575	0.021555	0.152196	0.035343	0.034427	0.038990	0.059202	0.026394	0.212043	0.079803	0.125432	
0.011671	0.006747	0.014108	0.017127	0.039095	0.028404	0.049359	0.032782	0.061501	0.020851	0.018895	0.139117	0.057794	0.028615	0.036081	0.076103	0.018493	0.165393	0.075761	0.102102	
0.003034	0.002154	0.014480	0.018182	0.040132	0.005612	0.013481	0.053343	0.062123	0.026025	0.038115	0.092716	0.076937	0.056168	0.077366	0.116923	0.045739	0.112818	0.053129	0.091522	
0.004161	0.003469	0.024409	0.016232	0.014826	0.010922	0.018815	0.066813	0.137752	0.052735	0.042031	0.134937	0.071749	0.098819	0.038641	0.070976	0.033232	0.077538	0.031387	0.050557	
0.059561	0.101563	0.042222	0.009155	0.017714	0.193512	0.088511	0.023049	0.020705	0.070136	0.016000	0.035168	0.075433	0.029750	0.024309	0.044557	0.010306	0.043594	0.046606	0.048148	
0.002168	0.003153	0.008363	0.014487	0.021615	0.003022	0.005658	0.015774	0.010306	0.099337	0.174496	0.010458	0.045799	0.164348	0.108818	0.064674	0.152788	0.023491	0.034744	0.036500	
0.001313	0.001681	0.006587	0.025824	0.042703	0.002284	0.004440	0.033629	0.016550	0.027564	0.087889	0.015288	0.019992	0.121068	0.181250	0.030928	0.277878	0.017236	0.044215	0.041682	
0.000374	0.000328	0.003208	0.011681	0.089763	0.000704	0.002008	0.016106	0.008008	0.006871	0.037836	0.006006	0.020071	0.051837	0.335978	0.091499	0.250768	0.010623	0.028255	0.028077	
0.003336	0.002232	0.012606	0.004675	0.005206	0.005523	0.002419	0.192100	0.049977	0.060815	0.049924	0.105989	0.015927	0.064639	0.014579	0.008335	0.030675	0.139563	0.058511	0.172970	
0.015421	0.065734	0.016180	0.018053	0.010091	0.024418	0.039067	0.012290	0.015122	0.388934	0.137860	0.028736	0.038610	0.051590	0.023829	0.026594	0.022374	0.029626	0.012752	0.022718	
0.001241	0.002006	0.009553	0.030904	0.031393	0.001189	0.003224	0.020885	0.015548	0.066385	0.213318	0.017649	0.037398	0.124281	0.100151	0.050408	0.199273	0.022701	0.022365	0.030127	
0.001321	0.002308	0.016623	0.059578	0.017324	0.000892	0.004473	0.008218	0.009657	0.039000	0.066766	0.004959	0.156877	0.185870	0.127655	0.134718	0.112177	0.006120	0.030484	0.014981	
0.002912	0.000690	0.005580	0.001461	0.022697	0.001384	0.004536	0.006905	0.007493	0.002029	0.002755	0.034235	0.129169	0.003744	0.026404	0.457012	0.003765	0.109438	0.085439	0.092353	
0.009165	0.007685	0.004743	0.015630	0.032894	0.274744	0.307136	0.010097	0.074006	0.013593	0.005151	0.106489	0.007419	0.003284	0.005060	0.008187	0.003209	0.059635	0.014955	0.036916	
0.005573	0.008841	0.043581	0.019963	0.009436	0.003122	0.008587	0.010925	0.011542	0.047983	0.020450	0.010133	0.270572	0.073321	0.050884	0.132169	0.020751	0.027149	0.146352	0.078665	
0.001109	0.000244	0.000826	0.000353	0.003187	0.001765	0.001592	0.004379	0.005464	0.000510	0.000469	0.019851	0.011452	0.000988	0.002539	0.017995	0.000586	0.179619	0.386559	0.360512	
0.000726	0.000250	0.000513	0.000597	0.001299	0.001476	0.001034	0.007337	0.004780	0.001676	0.001844	0.024713	0.003709	0.001727	0.002073	0.005014	0.001426	0.209738	0.325019	0.405049	
0.002249	0.000845	0.001669	0.004543	0.005386	0.002987	0.004356	0.029457	0.016469	0.003494	0.004499	0.057616	0.004850	0.003443	0.004443	0.006098	0.003843	0.226246	0.239107	0.378401	
0.000599	0.000210	0.001271	0.004606	0.009979	0.001731	0.004383	0.109760	0.111690	0.000894	0.002234	0.152518	0.004286	0.002920	0.007300	0.011171	0.004605	0.162242	0.137967	0.269634	
0.001833	0.000741	0.007198	0.007652	0.008727	0.002769	0.008510	0.037415	0.070448	0.015303	0.013835	0.187949	0.031922	0.017077	0.015686	0.068350	0.009943	0.265093	0.089094	0.140454	
0.027487	0.014260	0.006866	0.001813	0.006742	0.418505	0.244675	0.015249	0.021867	0.005092	0.001000	0.057232	0.010564	0.002464	0.003010	0.010052	0.000789	0.087750	0.022760	0.041824	
0.000961	0.000549	0.004609	0.007604	0.011828	0.003773	0.004785	0.196257	0.150806	0.004478	0.007975	0.229064	0.008163	0.012949	0.013755	0.006980	0.012442	0.163237	0.036240	0.123544	
0.000922	0.002262	0.012509	0.020476	0.052294	0.004424	0.011509	0.011348	0.017963	0.051195	0.068079	0.015269	0.117314	0.183925	0.156564	0.138782	0.099557	0.014283	0.009031	0.012293	
0.000865	0.001993	0.034658	0.006844	0.004905	0.001074	0.001649	0.009063	0.008365	0.076297	0.052473	0.008655	0.254044	0.363380	0.046838	0.063590	0.041363	0.009042	0.007234	0.007670	
0.000525	0.000163	0.000955	0.001477	0.006309	0.000333	0.002474	0.004285	0.002778	0.001631	0.005233	0.008505	0.048098	0.005550	0.033867	0.760668	0.007197	0.027433	0.047478	0.035039	
0.014579	0.019866	0.007564	0.003424	0.006118	0.722690	0.086612	0.004229	0.016298	0.010028	0.001259	0.042140	0.007374	0.002668	0.002057	0.004148	0.001009	0.025157	0.009429	0.013352	
0.000420	0.000534	0.011882	0.002622	0.017563	0.000860	0.002094	0.007211	0.006212	0.007614	0.008286	0.012978	0.326978	0.032501	0.083686	0.416959	0.014171	0.017930	0.012026	0.017475	
0.000664	0.000917	0.006592	0.018216	0.040797	0.002262	0.005252	0.010412	0.009136	0.038703	0.093781	0.005710	0.027787	0.171626	0.225601	0.040208	0.262856	0.009088	0.015742	0.014647	
0.000266	0.000237	0.003156	0.006133	0.055583	0.000352	0.000691	0.020757	0.005465	0.004495	0.020227	0.007984	0.036622	0.050194	0.375810	0.151801	0.152808	0.018288	0.046370	0.042762	
0.000427	0.000354	0.004413	0.003410	0.008913	0.003391	0.001175	0.350385	0.146322	0.007247	0.010100	0.157042	0.005772	0.024061	0.013003	0.004505	0.019735	0.063635	0.032412	0.143696	
0.000556	0.003442	0.004352	0.005395	0.001289	0.000327	0.000547	0.004134	0.001654	0.391520	0.357089	0.002458	0.015561	0.131449	0.014791	0.004972	0.043120	0.006058	0.004770	0.006516	
0.000719	0.000462	0.003660	0.125113	0.024240	0.000240	0.002450	0.013787	0.028769	0.024661	0.319623	0.013497	0.004735	0.036799	0.032622	0.011826	0.314211	0.012922	0.012636	0.017029	
0.068153	0.006868	0.014189	0.022798	0.018297	0.024703	0.628745	0.006153	0.027100	0.026132	0.011435	0.022371	0.014581	0.007828	0.010952	0.043090	0.008604	0.018128	0.010152	0.009721	
0.008688	0.011010	0.007437	0.001135	0.004605	0.731762	0.091669	0.005425	0.019220	0.005440	0.000746	0.050506	0.009220	0.002668	0.002620	0.003925	0.000850	0.026270	0.006214	0.010591	
0.000167	0.000196	0.004361	0.008917	0.014547	0.000268	0.001106	0.012685	0.003045	0.013914	0.076771	0.001678	0.036746	0.202818	0.264775	0.048342	0.288339	0.003249	0.008080	0.009998	
0.000318	0.000395	0.003767	0.005102	0.114023	0.000367	0.003492	0.001392	0.001507	0.003379	0.004708	0.002267	0.079017	0.010483	0.357300	0.357588	0.035474	0.003997	0.008858	0.006567	
0.001571	0.000923	0.009335	0.013418	0.018679	0.005426	0.004289	0.068179	0.173751	0.024953	0.044762	0.111848	0.019181	0.072893	0.026033	0.022929	0.055094	0.125823	0.080834	0.120078	
0.008006	0.002601	0.009345	0.005855	0.013737	0.005035	0.008840	0.053132	0.034634	0.025156	0.023823	0.112399	0.039570	0.020333	0.021125	0.058659	0.013336	0.249235	0.112932	0.182247	
0.019420	0.025706	0.046969	0.047863	0.039972	0.051029	0.087786	0.027311	0.130544	0.106061	0.035761	0.128474	0.041672	0.036091	0.023160	0.031622	0.019809	0.055755	0.017940	0.027056	
0.002897	0.001496	0.008088	0.018782	0.071829	0.009965	0.037700	0.029551	0.145059	0.018137	0.022680	0.118994	0.048187	0.021579	0.034146	0.055214	0.018717	0.146531	0.060599	0.129849	
0.003561	0.004127	0.035985	0.006045	0.007670	0.003648	0.004009	0.018493	0.033225	0.054098	0.021091	0.042379	0.205172	0.091422	0.025470	0.051827	0.015338	0.073865	0.154661	0.147911	
0.001956	0.000654	0.000308	0.000481	0.001035	0.003964	0.003436	0.003726	0.003235	0.000651	0.000442	0.008916	0.001631	0.000388	0.000607	0.002229	0.000353	0.073958	0.464667	0.427363	
0.000220	0.000080	0.000088	0.000139	0.000237	0.000464	0.000352	0.002358	0.001363	0.000179	0.000171	0.003868	0.000518	0.000186	0.000261	0.000516	0.000171	0.037911	0.464813	0.486104	
0.000138	0.000075	0.000060	0.000045	0.000122	0.000304	0.000164	0.001882	0.000700	0.000079	0.000053	0.002699	0.000369	0.000067	0.000093	0.000265	0.000047	0.029189	0.411831	0.551820	
0.000051	0.000014	0.000012	0.000020	0.000044	0.000080	0.000065	0.001184	0.000427	0.000017	0.000018	0.001014	0.000054	0.000019	0.000029	0.000066	0.000022	0.015464	0.554012	0.427387	
0.000020	0.000003	0.000004	0.000006	0.000014	0.000016	0.000015	0.000599	0.000121	0.000005	0.000007	0.000490	0.000021	0.000006	0.000013	0.000037	0.000010	0.013841	0.602762	0.382008	
0.000033	0.000006	0.000007	0.000007	0.000017	0.000036	0.000024	0.001146	0.000212	0.000007	0.000007	0.001128	0.000023	0.000006	0.000009	0.000032	0.000007	0.024845	0.517611	0.454837	
0.000019	0.000004	0.000007	0.000010	0.000022	0.000038	0.000024	0.002783	0.000580	0.000005	0.000006	0.003227	0.000027	0.000007	0.000014	0.000048	0.000009	0.042424	0.460949	0.489798	
0.000023	0.000004	0.000019	0.000052	0.000092	0.000053	0.000062	0.007903	0.002105	0.000013	0.000030	0.011044	0.000151	0.000045	0.000099	0.000352	0.000054	0.087550	0.385925	0.504425	
0.000199	0.000033	0.000100	0.000124	0.000354	0.000273	0.000412	0.009012	0.002219	0.000102	0.000146	0.026825	0.000759	0.000136	0.000235	0.001380	0.000117	0.273226	0.235286	0.449063	
0.000359	0.000167	0.000607	0.001660	0.002456	0.002217	0.003243	0.030343	0.031529	0.000642	0.000630	0.172974	0.004333	0.000858	0.001395	0.005191	0.000495	0.376062	0.089555	0.275282	
0.000765	0.000501	0.007797	0.005140	0.017989	0.002606	0.005085	0.047889	0.088365	0.002576	0.002482	0.250513	0.068733	0.008197	0.015900	0.079110	0.003572	0.212323	0.053354	0.127105	
0.024176	0.011919	0.016715	0.023491	0.048471	0.074041	0.207053	0.036392	0.048616	0.017567	0.010044	0.066679	0.047051	0.015949	0.030522	0.062097	0.011718	0.084774	0.074159	0.088565	
0.009526	0.008048	0.032347	0.011347	0.028464	0.029892	0.036922	0.055629	0.082621	0.036544	0.020336	0.096713	0.117269	0.052815	0.040668	0.075460	0.018409	0.090976	0.060198	0.095815	
0.001483	0.003176	0.008658	0.035253	0.032172	0.003325	0.009987	0.027960	0.027392	0.073636	0.128871	0.025470	0.056788	0.126039	0.134024	0.068657	0.126732	0.025072	0.036163	0.049143	
0.002027	0.002474	0.006374	0.033858	0.023561	0.002632	0.008641	0.015514	0.014085	0.086968	0.206386	0.008157	0.018748	0.139647	0.086088	0.024461	0.239915	0.011840	0.034728	0.033898	
0.001057	0.001136	0.005392	0.019411	0.031289	0.001753	0.005200	0.017828	0.008155	0.032407	0.104849	0.008589	0.035422	0.113700	0.207920	0.041154	0.259801	0.014857	0.041034	0.049047	
0.001098	0.002141	0.006332	0.021723	0.026641	0.001776	0.003512	0.008758	0.005187	0.085304	0.172406	0.005029	0.021829	0.141643	0.128999	0.022194	0.286500	0.009297	0.024795	0.024836	
0.000644	0.000971	0.005230	0.024332	0.035507	0.000914	0.003258	0.012542	0.008120	0.047385	0.143171	0.006759	0.023336	0.145277	0.156512	0.021826	0.314100	0.008684	0.019369	0.022061	
0.001080	0.001429	0.008043	0.019883	0.034056	0.002215	0.004378	0.027966	0.016397	0.032254	0.086667	0.013934	0.031580	0.150153	0.160588	0.041858	0.252859	0.017627	0.051676	0.045358	
0.003409	0.002567	0.009226	0.012830	0.017403	0.002424	0.005969	0.035703	0.014204	0.100163	0.158684	0.022611	0.043956	0.129021	0.065139	0.046527	0.106051	0.055676	0.069030	0.099408	
0.007007	0.009698	0.023384	0.024521	0.031217	0.008205	0.021181	0.020022	0.027263	0.119437	0.094633	0.044307	0.088582	0.096512	0.076670	0.083645	0.065777	0.050414	0.050377	0.057147	
0.005292	0.004092	0.012105	0.021962	0.030083	0.010478	0.020857	0.037701	0.050402	0.035339	0.054538	0.075888	0.064377	0.057110	0.065610	0.096794	0.052546	0.107444	0.080046	0.117337	
0.007740	0.004915	0.017332	0.018455	0.033644	0.007495	0.016963	0.032389	0.034257	0.040244	0.056194	0.062021	0.080491	0.062626	0.079278	0.123650	0.054954	0.106731	0.071346	0.089277	
0.011358	0.010146	0.023579	0.024320	0.034413	0.026327	0.028414	0.041747	0.074018	0.035059	0.037531	0.122943	0.067218	0.056571	0.055895	0.082851	0.040149	0.103143	0.052889	0.071429	
