0.034069	0.052914	0.056292	0.019562	0.031458	0.048448	0.052082	0.021801	0.023321	0.090571	0.045335	0.029610	0.131319	0.077201	0.069182	0.118863	0.038383	0.024722	0.015620	0.019246	
0.004353	0.007449	0.033669	0.017067	0.026570	0.007866	0.010797	0.032174	0.044473	0.110547	0.089006	0.043837	0.110840	0.153668	0.081048	0.080173	0.070383	0.038271	0.013535	0.024273	
0.003590	0.004780	0.029897	0.012243	0.012560	0.004577	0.005543	0.025756	0.056466	0.150372	0.107240	0.059672	0.071706	0.166940	0.061645	0.080230	0.070936	0.042793	0.012479	0.020574	
0.063186	0.265433	0.121717	0.003133	0.002306	0.128908	0.010017	0.004292	0.010685	0.222448	0.009696	0.020444	0.069063	0.030674	0.003545	0.010968	0.002578	0.012620	0.003903	0.004386	
0.005187	0.006841	0.037657	0.018209	0.017158	0.005647	0.009824	0.015851	0.038160	0.072812	0.042945	0.057455	0.225877	0.078216	0.067214	0.181391	0.027727	0.047733	0.020361	0.023734	
0.005975	0.007073	0.019863	0.028346	0.031128	0.008509	0.031598	0.015651	0.049537	0.096679	0.075266	0.035929	0.113385	0.080082	0.077474	0.174535	0.047734	0.037682	0.029906	0.033648	
0.004925	0.003156	0.021456	0.010115	0.008793	0.006868	0.006491	0.054033	0.037162	0.055055	0.052740	0.050370	0.074107	0.127189	0.054331	0.054291	0.054871	0.081314	0.126039	0.116693	
0.013029	0.011391	0.015242	0.031232	0.037216	0.031395	0.056812	0.032365	0.041446	0.046272	0.050235	0.044127	0.051338	0.056952	0.069329	0.085940	0.055655	0.062662	0.103209	0.104151	
0.004829	0.002249	0.011549	0.021215	0.044965	0.007183	0.019253	0.063098	0.045709	0.021606	0.049790	0.057948	0.036373	0.046467	0.077403	0.047501	0.076813	0.092050	0.097702	0.176294	
0.008092	0.008246	0.013046	0.057428	0.043822	0.022900	0.073959	0.029850	0.087162	0.046312	0.037289	0.056186	0.029778	0.034891	0.047096	0.044215	0.044868	0.056581	0.137583	0.120694	
0.005298	0.001788	0.006425	0.003447	0.004565	0.003743	0.006477	0.023400	0.007334	0.028808	0.042125	0.018208	0.028550	0.044697	0.026381	0.033942	0.029240	0.143217	0.233497	0.308857	
0.003831	0.002292	0.002983	0.006917	0.024757	0.007333	0.028039	0.023986	0.013784	0.009961	0.012426	0.042007	0.025775	0.010131	0.036407	0.071773	0.012911	0.129088	0.220450	0.315148	
0.001193	0.000918	0.003746	0.004134	0.007294	0.007376	0.005323	0.120585	0.073367	0.002696	0.003844	0.088512	0.007433	0.008457	0.009507	0.008246	0.007826	0.091521	0.207229	0.340794	
0.003514	0.001808	0.003158	0.008477	0.007605	0.001829	0.005793	0.016394	0.006826	0.013407	0.023221	0.009572	0.014518	0.018546	0.020795	0.023987	0.020051	0.057535	0.494386	0.248577	
0.009585	0.003198	0.006101	0.003816	0.008372	0.005848	0.008400	0.018094	0.012461	0.010126	0.007522	0.030063	0.008338	0.007303	0.008601	0.008145	0.008127	0.137187	0.353851	0.344862	
0.000744	0.000464	0.001595	0.004844	0.005168	0.002069	0.004617	0.055619	0.043326	0.005473	0.010040	0.061259	0.006173	0.009965	0.009233	0.009633	0.010284	0.119160	0.251164	0.389170	
0.001668	0.001133	0.006430	0.004322	0.010964	0.005359	0.004535	0.040705	0.030169	0.004254	0.003812	0.056200	0.022228	0.010144	0.013149	0.017850	0.006587	0.116088	0.288715	0.355686	
0.004120	0.001712	0.002777	0.003283	0.002546	0.002873	0.006700	0.024105	0.009783	0.009274	0.010297	0.016306	0.007387	0.009278	0.006529	0.011491	0.007308	0.102030	0.435108	0.327093	
0.001566	0.000736	0.001236	0.004142	0.005851	0.002583	0.007707	0.014703	0.007523	0.010642	0.017192	0.028600	0.009406	0.010125	0.011145	0.012188	0.009942	0.203613	0.210143	0.430955	
0.000749	0.000496	0.003124	0.001337	0.004256	0.002013	0.000788	0.055119	0.010650	0.001779	0.002389	0.043276	0.012852	0.006981	0.014070	0.016257	0.006461	0.124959	0.312539	0.379902	
0.000785	0.000342	0.006079	0.014674	0.035896	0.002248	0.003581	0.081999	0.052705	0.004951	0.021359	0.065251	0.015990	0.039741	0.056446	0.021325	0.070728	0.118662	0.146490	0.240747	
0.010081	0.002630	0.008406	0.005639	0.026233	0.005215	0.017089	0.047622	0.041032	0.007459	0.008119	0.138033	0.033061	0.010636	0.026529	0.086010	0.009997	0.220481	0.119205	0.176525	
0.002488	0.003774	0.012421	0.087042	0.068397	0.032985	0.182182	0.039028	0.256646	0.027143	0.022579	0.119300	0.012253	0.018898	0.030449	0.017832	0.030520	0.020321	0.005234	0.010508	
0.002684	0.005751	0.058338	0.012687	0.006940	0.003823	0.009489	0.014289	0.026587	0.244990	0.104230	0.012716	0.105814	0.237208	0.038763	0.051183	0.048241	0.008040	0.003705	0.004522	
0.001283	0.001213	0.014892	0.024494	0.138998	0.001549	0.014645	0.003544	0.017784	0.019792	0.024524	0.014237	0.093074	0.027494	0.261652	0.232807	0.072567	0.013318	0.012063	0.010072	
0.001008	0.000164	0.001899	0.004144	0.013117	0.002418	0.002247	0.023849	0.043358	0.002014	0.005770	0.065622	0.005436	0.006313	0.014972	0.010402	0.014453	0.309468	0.183523	0.289823	
0.006272	0.001357	0.008800	0.001823	0.003821	0.006317	0.003811	0.053677	0.024686	0.006405	0.002860	0.091967	0.010272	0.006665	0.004039	0.006090	0.002681	0.310264	0.183411	0.264782	
0.000491	0.000184	0.001081	0.007638	0.003571	0.000951	0.002041	0.078405	0.022497	0.006835	0.021963	0.064361	0.004044	0.013465	0.011613	0.007377	0.017986	0.278089	0.163044	0.294364	
0.000537	0.000280	0.007410	0.014285	0.034370	0.002334	0.003285	0.044973	0.129593	0.005245	0.011588	0.222664	0.035554	0.034269	0.042506	0.047099	0.027103	0.158455	0.057003	0.121449	
0.009996	0.006204	0.020132	0.007394	0.029989	0.015697	0.027321	0.044113	0.022777	0.038065	0.026776	0.059168	0.088267	0.039317	0.054922	0.077872	0.023227	0.192050	0.078341	0.138371	
0.000980	0.000877	0.008190	0.027303	0.021760	0.005179	0.008238	0.064927	0.197083	0.027460	0.048895	0.183148	0.018437	0.059524	0.042220	0.021138	0.060059	0.107481	0.032167	0.064935	
0.011464	0.007794	0.026318	0.019891	0.033005	0.013689	0.039699	0.017696	0.034555	0.078959	0.076220	0.058386	0.101052	0.099485	0.094173	0.133610	0.067795	0.048229	0.013322	0.024657	
0.001300	0.003018	0.004426	0.177557	0.148398	0.008467	0.235573	0.003311	0.026924	0.034080	0.053004	0.011343	0.021782	0.025440	0.102680	0.053908	0.080934	0.003687	0.001852	0.002316	
0.000603	0.001147	0.021602	0.013031	0.022103	0.001053	0.001609	0.004782	0.009849	0.032153	0.042156	0.011146	0.283839	0.167481	0.132637	0.159009	0.064385	0.012063	0.009115	0.010239	
0.002833	0.003111	0.044509	0.003930	0.014922	0.000434	0.002013	0.000748	0.001275	0.009922	0.002919	0.001605	0.483876	0.007402	0.033641	0.365980	0.003894	0.003077	0.009341	0.004568	
0.001287	0.000314	0.001335	0.001087	0.004567	0.001996	0.001543	0.005518	0.011661	0.002218	0.001755	0.042926	0.009572	0.001532	0.003113	0.011938	0.001335	0.307296	0.273254	0.315753	
0.001192	0.000531	0.002051	0.004968	0.009169	0.004675	0.006515	0.034284	0.043142	0.003915	0.005920	0.079203	0.010370	0.009719	0.016208	0.022921	0.009729	0.127542	0.293960	0.313986	
0.001820	0.001410	0.005386	0.016076	0.014431	0.004590	0.014836	0.041753	0.026786	0.012498	0.019889	0.035507	0.032394	0.034982	0.040108	0.044048	0.029693	0.062934	0.264444	0.296415	
0.002145	0.000797	0.002804	0.007902	0.015081	0.001681	0.005893	0.015089	0.013398	0.005021	0.012670	0.018839	0.017737	0.010595	0.032993	0.050279	0.021446	0.061882	0.460341	0.243406	
0.004002	0.002020	0.008001	0.011092	0.021858	0.007530	0.013056	0.051508	0.040206	0.022619	0.030656	0.067439	0.021433	0.026719	0.026680	0.024147	0.031893	0.147661	0.165334	0.276146	
0.005661	0.004523	0.017549	0.017806	0.027302	0.007462	0.012281	0.073118	0.038563	0.029523	0.030539	0.057175	0.032424	0.039789	0.052002	0.031939	0.047938	0.093602	0.169009	0.211794	
0.002317	0.001684	0.005325	0.026392	0.026375	0.006906	0.017130	0.091287	0.046663	0.015344	0.046338	0.048143	0.014623	0.051533	0.066413	0.027440	0.092250	0.072343	0.147756	0.193737	
0.002909	0.003260	0.013366	0.014477	0.026974	0.006075	0.008202	0.040973	0.018425	0.026676	0.041329	0.038999	0.067209	0.094537	0.099896	0.067042	0.072636	0.067852	0.128694	0.160468	
0.007647	0.011305	0.025320	0.013453	0.018939	0.008982	0.013268	0.027285	0.017591	0.065979	0.047189	0.035173	0.140608	0.068310	0.053817	0.111999	0.028586	0.065444	0.113368	0.125739	
0.016501	0.013614	0.017371	0.013491	0.022887	0.011082	0.024868	0.018365	0.016110	0.077466	0.062239	0.027001	0.062604	0.042493	0.050836	0.094109	0.037368	0.087587	0.154441	0.149568	
0.023719	0.015502	0.015144	0.023422	0.030791	0.044081	0.067568	0.034033	0.037509	0.053459	0.048253	0.061871	0.028874	0.035016	0.047934	0.040057	0.044599	0.104870	0.111661	0.131636	
0.003629	0.003911	0.011358	0.024855	0.038320	0.010821	0.037240	0.037357	0.057158	0.038425	0.050900	0.061905	0.062725	0.078143	0.081234	0.087828	0.057503	0.067430	0.076850	0.112405	
0.001672	0.001149	0.007792	0.015983	0.022396	0.002344	0.005853	0.064704	0.024474	0.018138	0.059868	0.023973	0.033169	0.093514	0.130721	0.051895	0.141792	0.038127	0.129889	0.132547	
0.006531	0.007518	0.011859	0.024411	0.032459	0.008737	0.024658	0.017307	0.024895	0.046938	0.043259	0.027565	0.070081	0.063354	0.070033	0.111858	0.042800	0.047062	0.188766	0.129907	
0.011474	0.007700	0.013272	0.010389	0.012810	0.011902	0.021411	0.023514	0.016350	0.037161	0.033364	0.024061	0.040833	0.031087	0.032050	0.043027	0.025823	0.085101	0.273389	0.245284	
0.003740	0.003816	0.006027	0.012755	0.010191	0.008047	0.024025	0.027955	0.024449	0.092022	0.092608	0.042016	0.032957	0.052094	0.024644	0.027371	0.031933	0.155160	0.098670	0.229519	
0.002482	0.002056	0.006243	0.006936	0.009884	0.003224	0.003775	0.052600	0.013566	0.029940	0.044163	0.040774	0.035333	0.047038	0.044983	0.036922	0.039307	0.134838	0.173261	0.272674	
0.000794	0.000386	0.004050	0.023581	0.046871	0.001281	0.004564	0.038918	0.021688	0.007393	0.050155	0.024387	0.018517	0.058237	0.148606	0.057498	0.196753	0.053059	0.115739	0.127522	
0.003745	0.001965	0.010507	0.008247	0.047384	0.009439	0.010676	0.048523	0.057717	0.008362	0.008730	0.144511	0.040272	0.014202	0.028115	0.043530	0.012976	0.233145	0.087009	0.180945	
0.003158	0.002791	0.055062	0.012008	0.009942	0.003217	0.005122	0.055805	0.120091	0.078916	0.047971	0.185778	0.083058	0.088518	0.031279	0.067514	0.029226	0.070423	0.018776	0.031346	
0.006539	0.003518	0.005007	0.016428	0.031048	0.047788	0.531600	0.029876	0.043380	0.019010	0.023933	0.032425	0.020224	0.017536	0.028737	0.051172	0.018578	0.029380	0.014637	0.029183	
0.001009	0.001767	0.016958	0.215044	0.187701	0.001770	0.025232	0.006425	0.053203	0.032270	0.050866	0.010284	0.012587	0.022589	0.142114	0.020648	0.179969	0.003952	0.008467	0.007145	
0.001940	0.000319	0.001014	0.001572	0.003145	0.004701	0.005688	0.010454	0.029961	0.001387	0.001564	0.045172	0.003815	0.001931	0.002501	0.005235	0.001941	0.224498	0.250605	0.402560	
0.002024	0.000540	0.001322	0.000387	0.000819	0.002781	0.001580	0.012245	0.004970	0.001075	0.000492	0.021754	0.003812	0.001015	0.001003	0.002403	0.000457	0.141030	0.387407	0.412885	
0.000437	0.000222	0.000605	0.002954	0.002838	0.001074	0.002635	0.018656	0.011783	0.003166	0.006085	0.027026	0.003365	0.004083	0.004710	0.004798	0.004967	0.122120	0.266662	0.511815	
0.001318	0.000633	0.002181	0.003198	0.005962	0.001892	0.003132	0.013786	0.016227	0.002846	0.003063	0.024908	0.009753	0.004624	0.005929	0.009953	0.004010	0.074559	0.437534	0.374493	
0.000792	0.000447	0.002461	0.001167	0.002649	0.001212	0.001628	0.015573	0.008075	0.004400	0.003871	0.022484	0.015982	0.007962	0.006143	0.009768	0.003718	0.105583	0.359855	0.426229	
0.000824	0.000473	0.001075	0.004005	0.005117	0.001274	0.003344	0.016298	0.013161	0.002831	0.005382	0.022794	0.005725	0.004974	0.008358	0.010373	0.007051	0.074301	0.404694	0.407946	
0.002146	0.001457	0.002831	0.002340	0.003017	0.001880	0.003502	0.013075	0.007844	0.004902	0.003557	0.019383	0.014332	0.004337	0.005080	0.016476	0.002811	0.070323	0.449639	0.371068	
0.002172	0.000847	0.001401	0.002982	0.007524	0.003062	0.008485	0.013968	0.008383	0.002146	0.003159	0.017073	0.007436	0.002789	0.008953	0.020193	0.004380	0.067390	0.462110	0.355547	
0.008857	0.003577	0.005615	0.003266	0.003141	0.011070	0.014513	0.021958	0.012937	0.008567	0.006238	0.018912	0.010713	0.011375	0.006037	0.008612	0.006063	0.084691	0.405954	0.347902	
0.001369	0.000676	0.001880	0.002556	0.008927	0.001976	0.005423	0.017130	0.007677	0.007011	0.008444	0.036172	0.015399	0.005705	0.012690	0.021629	0.005994	0.201517	0.223702	0.414122	
0.000844	0.000472	0.002840	0.005235	0.008975	0.004976	0.005401	0.052210	0.142337	0.002751	0.003314	0.156039	0.005644	0.006234	0.007342	0.008027	0.006085	0.135223	0.162399	0.283649	
0.003714	0.001091	0.002739	0.001965	0.004434	0.003098	0.007822	0.013463	0.005202	0.007229	0.007929	0.018970	0.014449	0.006105	0.008712	0.022428	0.005295	0.183501	0.307236	0.374617	
0.002559	0.002087	0.005699	0.003689	0.009630	0.005737	0.007006	0.023626	0.023858	0.025088	0.015793	0.072796	0.025817	0.019813	0.016495	0.022201	0.010156	0.207604	0.182476	0.317869	
0.000438	0.000240	0.002819	0.003751	0.006563	0.001144	0.001408	0.133537	0.033378	0.003232	0.011345	0.041479	0.008792	0.025490	0.036979	0.022125	0.037928	0.051439	0.300005	0.277907	
0.004577	0.007233	0.016563	0.018538	0.023313	0.005794	0.006304	0.018729	0.019295	0.094754	0.073727	0.018608	0.047121	0.147705	0.060991	0.037026	0.066101	0.041307	0.189012	0.103301	
0.004161	0.001504	0.007727	0.007637	0.011140	0.003213	0.006716	0.062121	0.031092	0.029193	0.043580	0.061955	0.013532	0.032457	0.022544	0.012286	0.037988	0.208337	0.131205	0.271611	
0.001837	0.003033	0.005278	0.018528	0.010960	0.006137	0.009011	0.027230	0.058755	0.154237	0.123821	0.114635	0.011207	0.049356	0.022540	0.013017	0.042660	0.181588	0.044653	0.101516	
0.000414	0.000259	0.003765	0.012722	0.031486	0.000927	0.003505	0.027884	0.016479	0.011346	0.069838	0.024317	0.053378	0.098691	0.196536	0.145836	0.170974	0.044527	0.025715	0.061402	
0.004368	0.002358	0.029515	0.015211	0.037462	0.006846	0.009754	0.116520	0.047639	0.023964	0.028992	0.111069	0.063974	0.048760	0.062515	0.047324	0.045384	0.113787	0.054149	0.130407	
0.000257	0.001116	0.001512	0.407364	0.013709	0.000290	0.065013	0.000383	0.001421	0.034160	0.074186	0.000379	0.037398	0.054617	0.124169	0.088697	0.092778	0.000311	0.001637	0.000602	
0.000353	0.000101	0.006647	0.000693	0.041235	0.000869	0.000501	0.003012	0.016509	0.000263	0.000221	0.107200	0.271114	0.001224	0.018245	0.278122	0.000761	0.167037	0.032080	0.053813	
0.001368	0.001339	0.012938	0.017665	0.045687	0.004377	0.009239	0.030567	0.028037	0.034167	0.076511	0.032176	0.068535	0.091254	0.183785	0.153425	0.134370	0.031855	0.015139	0.027567	
0.007150	0.010839	0.052187	0.033325	0.029917	0.014680	0.035458	0.031678	0.060375	0.099934	0.067448	0.039389	0.081328	0.154892	0.090127	0.088729	0.074029	0.014635	0.005851	0.008030	
0.018838	0.033085	0.058348	0.033494	0.035116	0.048641	0.053513	0.017539	0.053106	0.105820	0.055638	0.039298	0.098162	0.105383	0.072431	0.072491	0.051234	0.021503	0.012889	0.013472	
