0.032424	0.051906	0.071155	0.018262	0.027920	0.046448	0.040602	0.021609	0.027009	0.087572	0.036694	0.036369	0.168990	0.060935	0.056127	0.118180	0.027078	0.030939	0.018019	0.021764	
0.005282	0.011315	0.033218	0.014925	0.043953	0.013859	0.021514	0.012631	0.028731	0.066658	0.045265	0.032663	0.224142	0.084163	0.090721	0.182577	0.037675	0.027172	0.008725	0.014813	
0.002050	0.004403	0.031652	0.012530	0.019169	0.005160	0.005087	0.015752	0.036714	0.117283	0.098443	0.036819	0.119058	0.200659	0.081376	0.094094	0.081464	0.020688	0.006762	0.010838	
0.049702	0.176152	0.165046	0.003939	0.007823	0.099120	0.016210	0.004489	0.008816	0.150335	0.013693	0.007938	0.156825	0.061559	0.017721	0.038250	0.008762	0.005360	0.004379	0.003881	
0.001892	0.001617	0.017773	0.007001	0.016404	0.002244	0.002719	0.024205	0.030747	0.067544	0.072251	0.060250	0.147089	0.095347	0.068320	0.127885	0.048160	0.099733	0.040631	0.068188	
0.004056	0.007516	0.012513	0.046881	0.050747	0.015678	0.039760	0.011786	0.049945	0.121815	0.130253	0.033934	0.046768	0.110694	0.091052	0.063358	0.099441	0.023133	0.017696	0.022974	
0.004983	0.007021	0.048013	0.013539	0.009356	0.003980	0.002675	0.028657	0.019193	0.109046	0.093840	0.022308	0.098781	0.238198	0.055200	0.031272	0.090027	0.030527	0.048686	0.044696	
0.007612	0.007134	0.010520	0.029896	0.047980	0.012908	0.024969	0.018264	0.025941	0.059588	0.075812	0.031620	0.052009	0.076963	0.094843	0.098323	0.083957	0.060501	0.094187	0.086974	
0.008174	0.005563	0.013010	0.030777	0.057614	0.017874	0.042755	0.047461	0.061541	0.028225	0.035090	0.070720	0.043235	0.041395	0.068292	0.056894	0.054727	0.070996	0.107728	0.137928	
0.013694	0.018836	0.019701	0.048902	0.037909	0.027208	0.057605	0.016943	0.035097	0.076593	0.055598	0.030952	0.057989	0.051447	0.057734	0.077973	0.046819	0.043016	0.134410	0.091574	
0.011676	0.004974	0.010907	0.006895	0.010211	0.008922	0.013274	0.036611	0.017300	0.020436	0.023641	0.032758	0.043087	0.030328	0.025348	0.046156	0.020661	0.119432	0.246337	0.271046	
0.010099	0.014418	0.010471	0.007635	0.008610	0.013880	0.009899	0.030477	0.014552	0.049995	0.029459	0.041115	0.038789	0.028141	0.017713	0.031631	0.013759	0.127035	0.231680	0.270641	
0.001851	0.002195	0.007410	0.006364	0.014777	0.009068	0.008377	0.073579	0.066621	0.006430	0.007458	0.083561	0.039642	0.022200	0.027604	0.033846	0.014456	0.083843	0.197414	0.293304	
0.002399	0.001649	0.003107	0.008328	0.008396	0.002046	0.005342	0.017148	0.008914	0.008692	0.016407	0.009925	0.019369	0.018708	0.023857	0.035046	0.022809	0.040356	0.491484	0.256018	
0.007328	0.002722	0.003326	0.003508	0.006793	0.008401	0.015010	0.014898	0.008206	0.006735	0.005995	0.015132	0.009237	0.005610	0.008317	0.010157	0.007166	0.071620	0.400660	0.389180	
0.001396	0.001017	0.001149	0.003740	0.004018	0.004156	0.005356	0.021904	0.017380	0.004741	0.006550	0.024805	0.004074	0.005157	0.005253	0.005357	0.006067	0.077328	0.354078	0.446474	
0.000985	0.000566	0.001460	0.001273	0.002595	0.002478	0.002351	0.026454	0.014627	0.001676	0.001863	0.027554	0.006602	0.003654	0.004252	0.007067	0.002645	0.091099	0.359680	0.441121	
0.004035	0.001710	0.002081	0.002335	0.002505	0.003462	0.005746	0.018362	0.007107	0.009460	0.009922	0.017886	0.006764	0.005940	0.004408	0.009443	0.005145	0.128206	0.380642	0.374842	
0.001873	0.000703	0.001375	0.002023	0.002834	0.003219	0.004690	0.032409	0.013873	0.004070	0.004733	0.043202	0.003916	0.003735	0.003332	0.004793	0.003461	0.192155	0.238888	0.434716	
0.000626	0.000426	0.001106	0.001287	0.002410	0.001536	0.000841	0.060396	0.011478	0.001076	0.001608	0.030642	0.003700	0.003136	0.006127	0.007723	0.003686	0.112298	0.378472	0.371426	
0.000494	0.000154	0.002073	0.002982	0.005682	0.000821	0.001055	0.075998	0.035028	0.001534	0.005344	0.069161	0.008332	0.010676	0.009247	0.011497	0.010222	0.205017	0.211188	0.333496	
0.008571	0.001503	0.002565	0.001393	0.005678	0.006934	0.011910	0.034306	0.014155	0.004547	0.003186	0.101841	0.008409	0.002203	0.003721	0.015316	0.001631	0.464453	0.093894	0.213783	
0.000248	0.000220	0.002222	0.018271	0.020664	0.004832	0.022601	0.056257	0.413364	0.004467	0.005638	0.362680	0.004713	0.006266	0.009232	0.008507	0.006715	0.038112	0.002996	0.011995	
0.001404	0.004733	0.021119	0.016254	0.020538	0.004492	0.017429	0.003556	0.006357	0.079918	0.068524	0.002895	0.161114	0.152468	0.149641	0.207473	0.075111	0.002299	0.002352	0.002324	
0.000567	0.000649	0.015952	0.033436	0.236798	0.000716	0.004755	0.002021	0.014568	0.016528	0.027826	0.007602	0.088077	0.043278	0.246809	0.119434	0.124030	0.006029	0.006016	0.004909	
0.002000	0.000522	0.003477	0.006668	0.020989	0.006549	0.005713	0.018460	0.058380	0.004735	0.006802	0.087767	0.012207	0.009999	0.018527	0.017844	0.015710	0.247725	0.199413	0.256511	
0.005128	0.001586	0.005138	0.004777	0.008763	0.007759	0.008960	0.040471	0.021184	0.011741	0.011801	0.057381	0.015770	0.013281	0.013678	0.018460	0.011661	0.213354	0.223894	0.305213	
0.002411	0.002038	0.006321	0.013291	0.015731	0.005106	0.007076	0.083584	0.046901	0.017991	0.031514	0.093293	0.018437	0.037547	0.035870	0.026528	0.036292	0.148436	0.141235	0.230398	
0.002927	0.001996	0.008893	0.009704	0.017686	0.006018	0.007408	0.059554	0.044250	0.008571	0.014657	0.065461	0.051501	0.039179	0.043903	0.071627	0.024350	0.122148	0.192604	0.207564	
0.013756	0.006880	0.021051	0.005595	0.013123	0.009942	0.011395	0.045453	0.024618	0.057329	0.038973	0.078794	0.060352	0.040119	0.021884	0.044939	0.017987	0.241615	0.088011	0.158184	
0.003950	0.003249	0.009256	0.024190	0.027102	0.014424	0.033570	0.040018	0.136059	0.027899	0.029034	0.206619	0.039169	0.027668	0.026562	0.053645	0.019298	0.157638	0.041744	0.078905	
0.009300	0.006084	0.030361	0.020199	0.050626	0.026406	0.071664	0.017719	0.055437	0.059661	0.036138	0.087802	0.124091	0.059081	0.071583	0.118959	0.033572	0.081442	0.013456	0.026417	
0.001034	0.001271	0.006029	0.079479	0.196419	0.013771	0.121285	0.011995	0.123095	0.016490	0.023961	0.112120	0.039926	0.025196	0.084193	0.058875	0.042933	0.029167	0.003485	0.009276	
0.000455	0.001305	0.013525	0.013356	0.015993	0.000898	0.001718	0.003450	0.003577	0.036569	0.064567	0.002346	0.165152	0.205784	0.188368	0.142793	0.126777	0.002915	0.006137	0.004316	
0.000250	0.000339	0.010808	0.000686	0.010933	0.000141	0.000397	0.000465	0.000658	0.001821	0.000950	0.001278	0.424077	0.007324	0.035872	0.492160	0.002664	0.001786	0.004856	0.002537	
0.002867	0.001435	0.002809	0.001744	0.005939	0.005045	0.002299	0.010104	0.006650	0.008003	0.007591	0.022487	0.013682	0.006201	0.008040	0.013894	0.006196	0.184339	0.341288	0.349386	
0.002231	0.001460	0.002447	0.008336	0.012288	0.007045	0.005520	0.023517	0.026752	0.012098	0.016664	0.055379	0.007880	0.015182	0.018019	0.011810	0.020515	0.161989	0.295957	0.294911	
0.002442	0.001857	0.006335	0.010372	0.014118	0.004436	0.006447	0.068673	0.054979	0.012980	0.019461	0.090794	0.020237	0.027628	0.022717	0.022679	0.024571	0.108828	0.177277	0.303169	
0.006158	0.004623	0.005948	0.014255	0.016548	0.008399	0.014896	0.021986	0.018064	0.015232	0.021039	0.025459	0.020515	0.019747	0.031331	0.033206	0.027229	0.067290	0.384869	0.243207	
0.008323	0.005458	0.009831	0.012208	0.011784	0.009494	0.016086	0.029868	0.019581	0.033885	0.033275	0.032563	0.036976	0.031798	0.023351	0.032690	0.023259	0.101807	0.253620	0.274141	
0.003439	0.003300	0.010415	0.007242	0.018710	0.006743	0.014276	0.039453	0.027227	0.016552	0.014625	0.048759	0.071947	0.025092	0.043247	0.067939	0.017929	0.088054	0.198685	0.276366	
0.002500	0.001884	0.003999	0.012843	0.013878	0.005303	0.008981	0.065219	0.028473	0.012439	0.030764	0.025654	0.011844	0.032308	0.034380	0.021539	0.052295	0.060032	0.302516	0.273149	
0.002631	0.001938	0.005728	0.007772	0.012613	0.003531	0.005481	0.041825	0.015625	0.016548	0.030835	0.024747	0.028683	0.051342	0.049778	0.040541	0.052031	0.064984	0.288896	0.254472	
0.006014	0.006851	0.009014	0.015920	0.017010	0.008063	0.010769	0.037170	0.019507	0.033261	0.041648	0.037673	0.031945	0.037567	0.033886	0.038891	0.038890	0.088725	0.250463	0.236734	
0.005646	0.004242	0.010388	0.015434	0.019778	0.009857	0.026458	0.045594	0.048213	0.047230	0.053772	0.075730	0.041316	0.042299	0.033747	0.054137	0.033645	0.122602	0.118499	0.191413	
0.017774	0.011545	0.015824	0.034591	0.029830	0.026012	0.089572	0.052673	0.045702	0.073500	0.070892	0.047309	0.024749	0.050099	0.042775	0.027535	0.056719	0.069223	0.091141	0.122534	
0.010327	0.010600	0.017153	0.013916	0.022961	0.031107	0.041101	0.052514	0.041548	0.060489	0.043176	0.043751	0.049389	0.086532	0.057173	0.040912	0.048130	0.068018	0.119598	0.141606	
0.000793	0.000787	0.002532	0.027291	0.027714	0.001699	0.005870	0.047751	0.019390	0.014410	0.080067	0.014374	0.015217	0.073414	0.119984	0.034060	0.200594	0.027638	0.144628	0.141787	
0.004193	0.004551	0.011667	0.014125	0.022331	0.005669	0.011035	0.018898	0.014828	0.051816	0.049844	0.019978	0.078666	0.091115	0.077028	0.092265	0.059549	0.047421	0.185447	0.139574	
0.005650	0.003673	0.008522	0.020653	0.018751	0.005211	0.014526	0.022832	0.016664	0.070097	0.112226	0.020007	0.032160	0.068351	0.051984	0.039135	0.082488	0.071014	0.173511	0.162546	
0.003274	0.002193	0.007730	0.006924	0.009060	0.004131	0.007124	0.033776	0.017579	0.101821	0.115079	0.043140	0.035674	0.075149	0.033307	0.033173	0.047016	0.171285	0.080379	0.172187	
0.003041	0.003558	0.007960	0.020236	0.019367	0.005811	0.006759	0.063641	0.039505	0.050889	0.069490	0.090353	0.024591	0.053392	0.043003	0.026091	0.058071	0.145752	0.102796	0.165694	
0.001283	0.001201	0.007265	0.026135	0.042826	0.002490	0.005516	0.063937	0.042526	0.013834	0.048711	0.041251	0.031785	0.079587	0.129877	0.064863	0.141687	0.050813	0.106089	0.098325	
0.003233	0.002095	0.012811	0.010324	0.056535	0.005253	0.013660	0.053581	0.033414	0.015479	0.023758	0.051794	0.095241	0.045442	0.096982	0.159196	0.041261	0.086129	0.074226	0.119587	
0.010723	0.009074	0.047483	0.011029	0.009039	0.013515	0.018703	0.063319	0.073553	0.120851	0.061631	0.119453	0.076465	0.086718	0.023633	0.064449	0.024140	0.081258	0.034846	0.050117	
0.008894	0.004035	0.006535	0.014040	0.028085	0.080148	0.363816	0.027498	0.105899	0.020020	0.014280	0.104710	0.020544	0.012166	0.015559	0.031264	0.009096	0.072849	0.016791	0.043772	
0.000677	0.000793	0.011430	0.169438	0.328745	0.002173	0.038702	0.005123	0.085544	0.018868	0.026807	0.020748	0.017820	0.019722	0.116863	0.025183	0.096161	0.006233	0.003955	0.005014	
0.003381	0.000890	0.003088	0.005463	0.006250	0.012135	0.013084	0.011936	0.047304	0.011276	0.009497	0.051699	0.011998	0.017960	0.009779	0.011906	0.011604	0.200526	0.265449	0.294776	
0.005303	0.001137	0.002513	0.001171	0.003614	0.002428	0.002802	0.011808	0.003814	0.002649	0.002488	0.017148	0.012368	0.002650	0.005550	0.016530	0.002585	0.136599	0.428501	0.338341	
0.001257	0.000955	0.002040	0.002317	0.002865	0.004459	0.002438	0.037585	0.021346	0.007855	0.008353	0.082764	0.008562	0.010081	0.006688	0.008723	0.005946	0.244567	0.162201	0.378997	
0.003738	0.003618	0.005603	0.022744	0.024552	0.009458	0.014756	0.051133	0.071559	0.009042	0.010893	0.094722	0.015510	0.013177	0.016149	0.015894	0.012877	0.114664	0.234823	0.255089	
0.004124	0.002493	0.011464	0.002477	0.005152	0.003153	0.004347	0.042861	0.016608	0.016492	0.013268	0.036060	0.070790	0.036875	0.022190	0.056627	0.012187	0.099128	0.256593	0.287111	
0.004682	0.003369	0.002602	0.013277	0.010584	0.010673	0.023197	0.025726	0.015417	0.006403	0.010304	0.022985	0.011184	0.008672	0.014151	0.016612	0.012203	0.060523	0.400762	0.326673	
0.001543	0.001185	0.002634	0.003347	0.007196	0.002726	0.004607	0.016232	0.015115	0.006020	0.006171	0.030889	0.025654	0.008331	0.011517	0.034856	0.005766	0.096944	0.337760	0.381508	
0.003962	0.002445	0.004029	0.007110	0.008864	0.007004	0.013255	0.026609	0.017778	0.006912	0.009035	0.029708	0.016899	0.009708	0.013339	0.023994	0.010484	0.072518	0.388221	0.328125	
0.007919	0.003505	0.004526	0.004484	0.005804	0.010546	0.021647	0.021353	0.010183	0.015232	0.016969	0.020389	0.018234	0.015034	0.011618	0.023301	0.011032	0.103572	0.309996	0.364654	
0.004892	0.002972	0.002586	0.008156	0.013630	0.009336	0.023754	0.025748	0.018979	0.007191	0.006979	0.034530	0.009546	0.005158	0.011170	0.015598	0.007201	0.104202	0.301347	0.387025	
0.000543	0.000345	0.001649	0.002638	0.005567	0.003485	0.003799	0.035878	0.065771	0.002434	0.003012	0.095874	0.009384	0.006785	0.007003	0.010913	0.004549	0.142908	0.204677	0.392786	
0.003894	0.001549	0.002996	0.002232	0.003172	0.003127	0.004913	0.022606	0.005692	0.008659	0.010100	0.013502	0.011700	0.008911	0.007499	0.012551	0.007170	0.100626	0.389150	0.379951	
0.002598	0.001988	0.002280	0.003100	0.003440	0.006795	0.008034	0.035743	0.017633	0.012822	0.012359	0.037732	0.007298	0.011189	0.006013	0.006439	0.007033	0.119212	0.268282	0.430010	
0.000915	0.000879	0.001619	0.004194	0.003865	0.001556	0.001353	0.048769	0.012528	0.002844	0.006905	0.014713	0.003836	0.008914	0.010061	0.006538	0.014101	0.039533	0.527330	0.289546	
0.003076	0.001660	0.004540	0.009140	0.010024	0.002206	0.003281	0.019781	0.012939	0.012123	0.019136	0.017476	0.015221	0.025213	0.021947	0.028981	0.027699	0.076152	0.465235	0.224170	
0.005246	0.001134	0.003368	0.003582	0.012152	0.006034	0.013146	0.042349	0.020008	0.005347	0.007380	0.064103	0.009098	0.005639	0.009586	0.014059	0.007994	0.251577	0.173284	0.344914	
0.001295	0.001580	0.005829	0.005397	0.008648	0.004543	0.003685	0.074696	0.046472	0.031089	0.027369	0.140147	0.021326	0.025434	0.021989	0.022076	0.017392	0.267692	0.074232	0.199111	
0.000969	0.000693	0.007195	0.011243	0.016303	0.004289	0.006105	0.149308	0.104787	0.012569	0.031972	0.120386	0.032884	0.078112	0.046087	0.032173	0.050816	0.122258	0.042925	0.128928	
0.007139	0.002735	0.012501	0.009439	0.024302	0.006462	0.015926	0.082450	0.038172	0.017411	0.018288	0.139181	0.049697	0.015277	0.025326	0.052096	0.014825	0.198188	0.085081	0.185504	
0.000822	0.002498	0.002595	0.418460	0.013800	0.001419	0.121404	0.000364	0.002325	0.059626	0.066721	0.000591	0.034765	0.055810	0.077047	0.077336	0.061152	0.000453	0.002007	0.000807	
0.000081	0.000059	0.002583	0.000446	0.028852	0.000385	0.000469	0.001289	0.005252	0.000262	0.000313	0.054024	0.361938	0.001341	0.020552	0.396756	0.000838	0.085908	0.011940	0.026711	
0.000514	0.000545	0.006309	0.012530	0.062750	0.002257	0.003603	0.016555	0.015463	0.014084	0.054856	0.021938	0.067821	0.073864	0.236200	0.167393	0.171519	0.028333	0.015970	0.027495	
0.002224	0.002441	0.017801	0.030408	0.078703	0.005613	0.020806	0.014941	0.024167	0.030686	0.045348	0.023867	0.084522	0.103921	0.217709	0.136867	0.123986	0.015553	0.008800	0.011637	
0.006562	0.009867	0.047915	0.033935	0.062204	0.018053	0.020926	0.020938	0.059571	0.062024	0.054298	0.050938	0.108164	0.111774	0.100980	0.093532	0.076363	0.028012	0.015108	0.018836	
