0.026927	0.060294	0.059052	0.037811	0.042408	0.038928	0.067390	0.009184	0.022501	0.076723	0.041751	0.016774	0.160656	0.085763	0.080954	0.100437	0.050765	0.008592	0.006132	0.006959	
0.004763	0.009129	0.030027	0.010649	0.030857	0.006091	0.014376	0.005890	0.011314	0.058868	0.043502	0.014699	0.259249	0.091940	0.103171	0.228932	0.047933	0.014840	0.005217	0.008554	
0.002678	0.006347	0.036207	0.035899	0.037395	0.005338	0.006716	0.020743	0.060043	0.101761	0.077930	0.043543	0.099202	0.153258	0.091071	0.100058	0.080729	0.017179	0.009671	0.014232	
0.041819	0.162926	0.131804	0.005011	0.006771	0.063122	0.014120	0.009319	0.022301	0.175398	0.020424	0.025286	0.152881	0.075971	0.018333	0.040004	0.011256	0.010356	0.005674	0.007224	
0.005638	0.010194	0.029253	0.014007	0.011982	0.004294	0.007741	0.009724	0.011834	0.221958	0.120319	0.021196	0.137402	0.124821	0.055270	0.129177	0.038704	0.021842	0.010105	0.014537	
0.008244	0.010313	0.029900	0.017389	0.016971	0.005737	0.013788	0.014156	0.026073	0.153063	0.121895	0.024090	0.110292	0.163138	0.069586	0.093918	0.062491	0.019722	0.017528	0.021706	
0.012723	0.006424	0.030060	0.011824	0.017111	0.009436	0.004186	0.081413	0.041381	0.057163	0.049014	0.069749	0.048967	0.087938	0.053619	0.033906	0.066870	0.108664	0.089635	0.119917	
0.006219	0.008764	0.012830	0.035483	0.030908	0.012064	0.028799	0.017532	0.038374	0.096961	0.114789	0.033956	0.069329	0.102593	0.083771	0.129862	0.081311	0.029692	0.032466	0.034295	
0.007484	0.005939	0.013145	0.060857	0.081440	0.010420	0.037402	0.026281	0.030547	0.030706	0.082454	0.027849	0.060121	0.051418	0.121698	0.085932	0.105297	0.035751	0.052386	0.072873	
0.017411	0.012506	0.022093	0.024295	0.045564	0.027853	0.082070	0.016829	0.030450	0.042218	0.028411	0.036367	0.076666	0.041469	0.083582	0.146747	0.036773	0.046529	0.097860	0.084306	
0.005518	0.003486	0.009623	0.009148	0.010623	0.008822	0.015095	0.065451	0.022329	0.031440	0.053881	0.030006	0.039035	0.057342	0.051312	0.036965	0.045190	0.083942	0.165834	0.254959	
0.006352	0.003738	0.006914	0.006752	0.021144	0.005012	0.017984	0.015310	0.010369	0.017321	0.015244	0.036728	0.065451	0.017437	0.029669	0.062864	0.009502	0.135534	0.236730	0.279942	
0.002443	0.002850	0.006494	0.008354	0.020622	0.005994	0.006265	0.065055	0.035565	0.011633	0.019042	0.057120	0.024843	0.038182	0.044565	0.034819	0.033702	0.075390	0.217697	0.289366	
0.004852	0.003138	0.006035	0.022771	0.012143	0.002512	0.004940	0.014962	0.006486	0.019682	0.032510	0.009850	0.016392	0.026954	0.028389	0.026623	0.031245	0.046733	0.493305	0.190478	
0.010996	0.002282	0.008455	0.002622	0.006760	0.004597	0.005044	0.041099	0.014265	0.007637	0.006434	0.028952	0.008039	0.007613	0.011147	0.011202	0.006611	0.090161	0.329735	0.396348	
0.005045	0.004888	0.004477	0.012377	0.011461	0.008697	0.012661	0.050396	0.033737	0.011248	0.019063	0.042429	0.013134	0.020634	0.022624	0.012275	0.023569	0.085098	0.249936	0.356251	
0.002493	0.001420	0.002259	0.004390	0.004770	0.003050	0.004697	0.042037	0.011992	0.002643	0.005472	0.018282	0.009677	0.007898	0.007595	0.011853	0.006002	0.085371	0.333362	0.434735	
0.001948	0.000901	0.002018	0.005441	0.003066	0.000916	0.002657	0.014676	0.006880	0.004846	0.008897	0.011759	0.007721	0.009237	0.009462	0.017493	0.008500	0.068296	0.505227	0.310058	
0.005081	0.001558	0.001695	0.005097	0.006761	0.003746	0.006789	0.016261	0.004756	0.003396	0.005314	0.017406	0.004036	0.003292	0.009089	0.007674	0.006333	0.132540	0.382070	0.377107	
0.000652	0.000194	0.001346	0.001045	0.001724	0.000881	0.000416	0.052799	0.010963	0.000469	0.000736	0.038417	0.002883	0.002126	0.003592	0.004191	0.002196	0.125120	0.382013	0.368238	
0.000633	0.000294	0.001893	0.009276	0.011666	0.001244	0.001428	0.095407	0.039469	0.001306	0.005633	0.065731	0.003810	0.007817	0.013232	0.005359	0.017305	0.153168	0.249604	0.315724	
0.009830	0.001517	0.010496	0.005733	0.033893	0.005909	0.026284	0.038178	0.053551	0.003927	0.003471	0.248572	0.034554	0.005562	0.016808	0.105469	0.004596	0.242499	0.046300	0.102853	
0.002133	0.003582	0.009351	0.037500	0.036138	0.050151	0.325623	0.024563	0.253382	0.016758	0.008882	0.121123	0.020547	0.011957	0.019703	0.025488	0.007885	0.017350	0.002117	0.005769	
0.002205	0.004910	0.049306	0.015549	0.019040	0.005515	0.012636	0.010689	0.015897	0.125929	0.094549	0.007937	0.120521	0.179067	0.117465	0.115512	0.089547	0.005411	0.003590	0.004727	
0.001960	0.001205	0.020935	0.049092	0.274213	0.001845	0.010467	0.003170	0.025858	0.041078	0.040559	0.009085	0.019907	0.038930	0.186805	0.058113	0.198624	0.005111	0.007631	0.005413	
0.002275	0.000635	0.003691	0.004392	0.019466	0.006520	0.009075	0.013084	0.062066	0.004947	0.008674	0.078699	0.014085	0.013496	0.024131	0.033780	0.015982	0.245191	0.183193	0.256618	
0.003176	0.000632	0.004204	0.003271	0.004813	0.004429	0.005324	0.045900	0.025760	0.004068	0.002903	0.079450	0.007918	0.004536	0.007055	0.010965	0.003710	0.275180	0.208728	0.297979	
0.000387	0.000135	0.001132	0.006421	0.011489	0.001067	0.005058	0.051098	0.034566	0.007650	0.028319	0.092959	0.006532	0.013476	0.024771	0.019962	0.018514	0.255331	0.133552	0.287581	
0.001447	0.000562	0.006940	0.004811	0.015002	0.003413	0.003393	0.046758	0.037217	0.004261	0.006119	0.089928	0.029765	0.023401	0.024751	0.047206	0.013838	0.172626	0.208954	0.259607	
0.005418	0.002538	0.012380	0.009741	0.018274	0.007499	0.010872	0.053277	0.029527	0.021580	0.018116	0.085835	0.019969	0.016186	0.020842	0.014679	0.014817	0.345002	0.079748	0.213703	
0.001524	0.001301	0.005867	0.019496	0.021536	0.004770	0.019506	0.044980	0.182998	0.028408	0.043253	0.208172	0.023117	0.038847	0.032633	0.074162	0.036492	0.121787	0.034020	0.057131	
0.023396	0.009482	0.029272	0.009963	0.039893	0.030031	0.058754	0.030139	0.067515	0.044643	0.026282	0.114119	0.086345	0.043389	0.072641	0.134660	0.028203	0.098496	0.015154	0.037622	
0.000965	0.004582	0.006934	0.121782	0.142973	0.030289	0.216623	0.004096	0.078331	0.063086	0.043866	0.036194	0.029641	0.040532	0.075706	0.026741	0.069230	0.006272	0.000691	0.001467	
0.000973	0.002805	0.021428	0.015774	0.031987	0.001249	0.002432	0.007419	0.010245	0.050691	0.093122	0.007402	0.158313	0.224939	0.134291	0.101936	0.121487	0.005826	0.002989	0.004692	
0.001068	0.000902	0.042284	0.001542	0.008546	0.000093	0.001060	0.000085	0.000321	0.006784	0.001985	0.000219	0.503384	0.020195	0.044361	0.361914	0.003998	0.000192	0.000704	0.000362	
0.002718	0.000987	0.005510	0.003298	0.014426	0.003606	0.002646	0.005933	0.017875	0.005873	0.003160	0.042355	0.027909	0.003754	0.008652	0.018409	0.002852	0.178900	0.337792	0.313343	
0.002797	0.001266	0.002424	0.005596	0.007884	0.007632	0.006302	0.017341	0.016132	0.011251	0.009143	0.037298	0.008339	0.012418	0.012853	0.011915	0.011443	0.129888	0.417372	0.270704	
0.001627	0.000906	0.003649	0.007791	0.021104	0.004527	0.009329	0.034117	0.040887	0.009543	0.013639	0.086980	0.022269	0.022086	0.032613	0.035004	0.019225	0.138608	0.194567	0.301529	
0.001050	0.000526	0.002000	0.009140	0.010486	0.001882	0.010403	0.014572	0.012694	0.013715	0.040420	0.026382	0.022985	0.024420	0.047934	0.062337	0.031949	0.087169	0.300192	0.279745	
0.003758	0.002797	0.006767	0.014126	0.014223	0.006650	0.007747	0.062190	0.023114	0.026638	0.052498	0.034019	0.014616	0.035835	0.036510	0.017479	0.046271	0.077420	0.224503	0.292840	
0.003297	0.001989	0.006623	0.013379	0.015567	0.002010	0.004216	0.060722	0.017402	0.016222	0.036536	0.030862	0.016837	0.038395	0.052516	0.017197	0.072329	0.061181	0.241572	0.291149	
0.002308	0.001833	0.005238	0.018158	0.023881	0.001588	0.003397	0.037931	0.016381	0.012795	0.050182	0.016961	0.018926	0.041914	0.084965	0.042323	0.102664	0.043491	0.258670	0.216396	
0.004549	0.004674	0.018225	0.007298	0.015421	0.003156	0.002256	0.023415	0.013258	0.018932	0.018654	0.025371	0.096002	0.084028	0.051287	0.046152	0.037769	0.046366	0.262336	0.220852	
0.007329	0.006318	0.005553	0.011791	0.012467	0.005205	0.008546	0.018367	0.008275	0.022349	0.030813	0.016098	0.019056	0.017624	0.021034	0.023463	0.019640	0.081092	0.353254	0.311726	
0.007867	0.006512	0.017969	0.005289	0.014467	0.013260	0.005655	0.056440	0.044262	0.027778	0.020401	0.109887	0.025973	0.021917	0.019876	0.023750	0.015293	0.174057	0.128149	0.261196	
0.017097	0.024112	0.010151	0.019133	0.018399	0.038562	0.068881	0.048688	0.040197	0.037871	0.036207	0.051528	0.022510	0.032228	0.032681	0.031194	0.026484	0.080709	0.160637	0.202731	
0.007421	0.009061	0.015467	0.017263	0.026911	0.010695	0.014438	0.107138	0.030522	0.041703	0.052509	0.031262	0.032465	0.105906	0.074610	0.033682	0.076286	0.046336	0.119175	0.147152	
0.001292	0.002488	0.006938	0.025781	0.030766	0.001157	0.002394	0.023180	0.019831	0.031608	0.120271	0.020184	0.037519	0.136334	0.114144	0.031780	0.180748	0.031732	0.087731	0.094122	
0.007372	0.005427	0.009279	0.027757	0.020175	0.003305	0.009670	0.025472	0.010726	0.024124	0.036188	0.014155	0.036239	0.036061	0.067936	0.067543	0.049061	0.041458	0.319124	0.188928	
0.004586	0.002546	0.006983	0.009888	0.017528	0.004455	0.009099	0.015997	0.015576	0.015692	0.026183	0.028219	0.027233	0.030790	0.035818	0.033290	0.032788	0.089362	0.336702	0.257263	
0.003756	0.002489	0.004945	0.005545	0.008025	0.002921	0.004449	0.019836	0.007645	0.022461	0.024058	0.024124	0.015600	0.012812	0.014382	0.014576	0.012968	0.208647	0.219224	0.371537	
0.001583	0.000754	0.002884	0.004720	0.010930	0.003263	0.002673	0.052881	0.034460	0.005460	0.007595	0.112372	0.007644	0.005829	0.014026	0.013506	0.008686	0.185727	0.195341	0.329666	
0.000853	0.000668	0.003335	0.028086	0.038241	0.003088	0.014044	0.046536	0.036034	0.008595	0.037824	0.040185	0.011586	0.036101	0.092709	0.041627	0.113683	0.083011	0.175081	0.188714	
0.009352	0.002988	0.014484	0.004982	0.026718	0.006232	0.020363	0.048908	0.044096	0.009753	0.008957	0.118792	0.055939	0.018979	0.029114	0.099126	0.009695	0.166152	0.126804	0.178567	
0.003211	0.002103	0.027820	0.010697	0.007941	0.003476	0.006057	0.058545	0.078503	0.047864	0.046138	0.111540	0.084868	0.067995	0.034611	0.095898	0.024030	0.095990	0.091792	0.100923	
0.010649	0.002929	0.013601	0.016831	0.019795	0.031960	0.135548	0.162862	0.150804	0.022297	0.018748	0.112853	0.011116	0.022871	0.018034	0.018002	0.017111	0.073435	0.053770	0.086785	
0.003123	0.002802	0.016932	0.183740	0.193105	0.007451	0.084121	0.007330	0.098442	0.043392	0.046670	0.022284	0.008620	0.025287	0.081558	0.015356	0.135373	0.006777	0.008784	0.008852	
0.003216	0.000673	0.001512	0.004927	0.005992	0.009961	0.009908	0.011251	0.033621	0.004752	0.006608	0.051573	0.002828	0.003514	0.003798	0.004188	0.005900	0.260086	0.250803	0.324889	
0.003276	0.000690	0.002773	0.001672	0.002696	0.003594	0.004477	0.020380	0.010051	0.002737	0.001610	0.039687	0.006319	0.002437	0.003168	0.005393	0.001415	0.171724	0.366085	0.349815	
0.000375	0.000258	0.000881	0.002296	0.007660	0.001884	0.003730	0.022448	0.015822	0.002499	0.005196	0.055187	0.005687	0.005233	0.011699	0.011220	0.005993	0.139831	0.209058	0.493043	
0.001811	0.001818	0.004018	0.003815	0.006358	0.003325	0.001971	0.021096	0.011147	0.004834	0.005608	0.021356	0.015837	0.008992	0.011001	0.011302	0.006416	0.066288	0.353654	0.439354	
0.004025	0.004652	0.023654	0.001532	0.003221	0.004338	0.001748	0.013305	0.009306	0.020770	0.006576	0.030771	0.108932	0.034216	0.009514	0.027401	0.004851	0.071616	0.271601	0.347972	
0.001666	0.000863	0.001316	0.004109	0.006673	0.001064	0.003948	0.007647	0.008299	0.002899	0.005776	0.015524	0.009303	0.004315	0.010548	0.016211	0.006626	0.050689	0.422579	0.419944	
0.002019	0.001176	0.003810	0.002095	0.002962	0.001576	0.001710	0.009326	0.007594	0.005533	0.004248	0.017527	0.016232	0.004961	0.005054	0.015483	0.002817	0.074065	0.378829	0.442981	
0.003137	0.002510	0.001722	0.005312	0.005182	0.002851	0.005129	0.007535	0.007003	0.004462	0.005140	0.013021	0.006112	0.003518	0.006729	0.012623	0.004888	0.059129	0.475584	0.368410	
0.007603	0.002304	0.004574	0.002641	0.003771	0.008691	0.010152	0.069521	0.022899	0.003773	0.005565	0.037059	0.007086	0.009385	0.007954	0.009203	0.005944	0.089188	0.298178	0.394509	
0.002524	0.002320	0.001990	0.010703	0.010690	0.004503	0.013761	0.028837	0.019289	0.010584	0.022264	0.040452	0.010383	0.014403	0.015811	0.019504	0.015458	0.094416	0.311573	0.350537	
0.001783	0.001164	0.004028	0.009408	0.013519	0.002592	0.004679	0.032837	0.026371	0.004737	0.008839	0.041852	0.014369	0.013310	0.024648	0.022166	0.017054	0.084844	0.306932	0.364869	
0.003134	0.001252	0.005360	0.001960	0.004542	0.001202	0.002138	0.017823	0.005616	0.006333	0.007748	0.014497	0.028791	0.012992	0.016995	0.036418	0.008635	0.091473	0.383744	0.349349	
0.005698	0.004156	0.005897	0.003376	0.005363	0.006312	0.007249	0.017590	0.013084	0.024756	0.015352	0.030132	0.018670	0.022328	0.010875	0.010980	0.008581	0.117203	0.289636	0.382760	
0.000690	0.000472	0.000923	0.001739	0.002215	0.001084	0.000502	0.030627	0.007681	0.001586	0.003895	0.008712	0.001511	0.004168	0.004673	0.002148	0.006937	0.038162	0.510708	0.371567	
0.003528	0.002383	0.002992	0.017329	0.009270	0.002628	0.005675	0.017589	0.018823	0.015920	0.024603	0.021073	0.005378	0.024368	0.016175	0.014049	0.027784	0.062795	0.477671	0.229969	
0.007216	0.001149	0.003348	0.001506	0.003034	0.001825	0.001846	0.019562	0.008072	0.002719	0.003490	0.038943	0.003371	0.002039	0.003034	0.003465	0.002707	0.268221	0.203511	0.420943	
0.000508	0.000398	0.002495	0.005924	0.004259	0.002155	0.002992	0.055593	0.063587	0.010744	0.014443	0.168560	0.009164	0.013761	0.009657	0.011212	0.009683	0.288559	0.100708	0.225598	
0.001219	0.001278	0.004514	0.008700	0.028690	0.003875	0.006908	0.150923	0.043106	0.008285	0.024334	0.055986	0.020825	0.061083	0.106284	0.098777	0.080969	0.076074	0.076629	0.141542	
0.007499	0.003287	0.027806	0.009379	0.023976	0.006014	0.008405	0.080280	0.042305	0.012083	0.010546	0.139074	0.067712	0.023459	0.029132	0.052764	0.015024	0.147860	0.100005	0.193391	
0.001743	0.002244	0.007665	0.210593	0.027625	0.000625	0.077925	0.000307	0.001714	0.055095	0.055415	0.000791	0.106468	0.035536	0.119953	0.235024	0.051741	0.001450	0.006028	0.002059	
0.000382	0.000107	0.004030	0.001099	0.055479	0.001239	0.001753	0.004819	0.030089	0.000529	0.000658	0.189924	0.147078	0.001230	0.018892	0.197253	0.001160	0.269735	0.021024	0.053519	
0.002461	0.003822	0.024574	0.020407	0.040989	0.010151	0.011133	0.037994	0.049445	0.042199	0.065722	0.089406	0.105381	0.092505	0.103585	0.115307	0.094254	0.055589	0.010706	0.024369	
0.007798	0.010361	0.029418	0.034081	0.030927	0.016196	0.053711	0.027594	0.023541	0.064030	0.062831	0.021567	0.107829	0.138135	0.122934	0.138084	0.079738	0.011871	0.008966	0.010388	
0.007783	0.012579	0.052779	0.042340	0.030118	0.013722	0.032149	0.012945	0.031421	0.109419	0.078665	0.021045	0.112782	0.152063	0.099159	0.088841	0.079433	0.010877	0.005757	0.006123	
