0.024381	0.044806	0.058580	0.022265	0.022983	0.031690	0.046199	0.015450	0.022589	0.087968	0.045578	0.022522	0.184376	0.082906	0.063013	0.138806	0.036232	0.018721	0.014088	0.016848	
0.005210	0.008937	0.024305	0.016392	0.059505	0.009159	0.019634	0.015285	0.032996	0.045412	0.040470	0.044134	0.176898	0.056058	0.094826	0.218068	0.037942	0.051748	0.015215	0.027806	
0.002614	0.003213	0.021523	0.018644	0.028596	0.004792	0.010070	0.023567	0.167275	0.055037	0.056918	0.108955	0.070101	0.082599	0.060386	0.139261	0.055849	0.054965	0.012278	0.023356	
0.135202	0.316162	0.125540	0.001162	0.001337	0.210901	0.007877	0.003967	0.009427	0.073987	0.002286	0.021446	0.041608	0.007317	0.001045	0.005902	0.000560	0.023292	0.004489	0.006492	
0.012330	0.011687	0.043368	0.006940	0.009694	0.010806	0.008810	0.014280	0.035626	0.106336	0.026843	0.110398	0.205548	0.045284	0.021664	0.109132	0.008086	0.147377	0.024638	0.041153	
0.002541	0.003107	0.015871	0.030475	0.062525	0.008654	0.037235	0.025627	0.131042	0.060118	0.059261	0.072465	0.067016	0.082248	0.094395	0.107898	0.068076	0.033403	0.013987	0.024056	
0.004427	0.004876	0.037492	0.011358	0.011200	0.004457	0.005831	0.018419	0.024658	0.182517	0.105147	0.024166	0.087317	0.212735	0.060424	0.038112	0.076918	0.031445	0.027968	0.030533	
0.009065	0.006214	0.011646	0.015965	0.023805	0.022059	0.036944	0.019116	0.038725	0.072647	0.074626	0.056351	0.054446	0.074694	0.063238	0.079466	0.057565	0.090978	0.090457	0.101989	
0.002045	0.001265	0.004101	0.017654	0.057189	0.004274	0.027354	0.027182	0.030832	0.016827	0.048031	0.051628	0.055817	0.043408	0.114045	0.129316	0.062896	0.081162	0.078666	0.146309	
0.005368	0.008052	0.017105	0.063218	0.063708	0.009476	0.037149	0.026450	0.083000	0.051474	0.044364	0.051176	0.052417	0.042580	0.065735	0.088987	0.051767	0.039356	0.105927	0.092691	
0.003520	0.001430	0.005213	0.003525	0.005866	0.004747	0.007011	0.023854	0.013957	0.015378	0.021948	0.031439	0.040143	0.027698	0.022377	0.039140	0.016698	0.134425	0.249639	0.331991	
0.006985	0.006534	0.004868	0.002986	0.008698	0.011554	0.018015	0.013942	0.007067	0.018701	0.010019	0.027428	0.043609	0.009770	0.015903	0.053546	0.004749	0.122168	0.277210	0.336249	
0.000702	0.000881	0.002128	0.001578	0.004226	0.002595	0.002178	0.052339	0.017118	0.002684	0.004299	0.036813	0.016406	0.008276	0.011813	0.019855	0.006043	0.073894	0.286801	0.449373	
0.001596	0.001326	0.002211	0.006952	0.006236	0.001714	0.003548	0.014181	0.011690	0.011478	0.016088	0.011373	0.009312	0.019553	0.013679	0.013551	0.017287	0.036803	0.552663	0.248756	
0.002147	0.000498	0.001714	0.000689	0.002915	0.001204	0.001888	0.006894	0.002858	0.002553	0.002419	0.008137	0.006612	0.002947	0.005590	0.007017	0.003318	0.062457	0.485405	0.392738	
0.000408	0.000383	0.000491	0.001652	0.001737	0.001641	0.001902	0.018113	0.009722	0.004357	0.006404	0.022316	0.002178	0.004236	0.002622	0.001972	0.003540	0.096167	0.317538	0.502621	
0.000065	0.000034	0.000231	0.000426	0.001980	0.000148	0.000255	0.018120	0.004759	0.000378	0.001491	0.013655	0.002433	0.001908	0.006824	0.004808	0.004076	0.061465	0.328013	0.548932	
0.000610	0.000277	0.000667	0.000988	0.000973	0.000725	0.000708	0.014608	0.003016	0.002668	0.004269	0.006631	0.002102	0.005938	0.002911	0.002040	0.004977	0.056076	0.533436	0.356380	
0.000349	0.000154	0.000577	0.001451	0.002648	0.000485	0.001179	0.011131	0.003352	0.002116	0.004914	0.014321	0.003861	0.003383	0.005426	0.003759	0.005262	0.107436	0.324873	0.503321	
0.000320	0.000165	0.000388	0.000399	0.001309	0.000501	0.000365	0.015781	0.002670	0.000324	0.000475	0.013368	0.001850	0.000809	0.003029	0.005113	0.001193	0.069817	0.510238	0.371885	
0.000343	0.000096	0.001222	0.002259	0.007273	0.000745	0.000871	0.054608	0.034060	0.000916	0.003058	0.066733	0.003186	0.004601	0.007365	0.006106	0.008056	0.156175	0.253770	0.388557	
0.004351	0.000724	0.002388	0.001284	0.006737	0.002220	0.004763	0.022723	0.011381	0.003150	0.002495	0.102839	0.009548	0.001866	0.004240	0.019845	0.001482	0.440360	0.108664	0.248941	
0.000420	0.000419	0.003246	0.064642	0.037091	0.005956	0.056268	0.028229	0.464281	0.007064	0.007589	0.245812	0.004685	0.005443	0.008804	0.007743	0.007927	0.029965	0.003687	0.010729	
0.001387	0.001667	0.021899	0.014558	0.018175	0.003604	0.018340	0.013269	0.029617	0.068801	0.069095	0.017747	0.174869	0.164294	0.105955	0.165247	0.065631	0.018428	0.012251	0.015167	
0.002217	0.002438	0.009214	0.077298	0.317853	0.002626	0.035892	0.004083	0.025555	0.021327	0.035802	0.015859	0.039831	0.014900	0.158106	0.113757	0.075591	0.013527	0.017699	0.016424	
0.001506	0.000371	0.005468	0.009553	0.026321	0.003346	0.006127	0.018923	0.069152	0.008291	0.015750	0.091295	0.022377	0.020255	0.040979	0.040468	0.033649	0.204122	0.171069	0.210978	
0.009279	0.001019	0.004387	0.003249	0.007128	0.007457	0.012402	0.046827	0.015841	0.006023	0.005679	0.040224	0.007765	0.005953	0.008303	0.013240	0.006512	0.197166	0.299569	0.301977	
0.001108	0.000353	0.001202	0.001669	0.003928	0.003125	0.003205	0.053372	0.013976	0.003506	0.006531	0.062118	0.006584	0.007092	0.011785	0.014022	0.007075	0.261778	0.196056	0.341516	
0.000711	0.000168	0.001429	0.001678	0.003575	0.001682	0.001542	0.141719	0.045795	0.000768	0.002003	0.100689	0.003741	0.004613	0.006740	0.009347	0.004975	0.191343	0.162346	0.315136	
0.004827	0.001615	0.005485	0.001216	0.004139	0.004618	0.002729	0.041377	0.018076	0.014984	0.008061	0.111026	0.012565	0.007845	0.005202	0.013143	0.003283	0.505392	0.060428	0.173988	
0.000701	0.000468	0.004033	0.018866	0.022245	0.003975	0.013399	0.058870	0.205613	0.011751	0.028341	0.297167	0.016954	0.025428	0.028871	0.037074	0.028282	0.133450	0.017467	0.047042	
0.021436	0.030307	0.066687	0.010522	0.028936	0.065795	0.064990	0.018651	0.028010	0.076843	0.023149	0.041203	0.175691	0.074244	0.070386	0.109063	0.025378	0.037923	0.011328	0.019459	
0.000402	0.000753	0.003694	0.155117	0.217304	0.002158	0.040141	0.006339	0.054948	0.017558	0.062738	0.023730	0.021869	0.040156	0.148170	0.046693	0.145117	0.007316	0.001909	0.003887	
0.000556	0.001882	0.018074	0.010563	0.015303	0.000586	0.001789	0.002349	0.005833	0.080664	0.087792	0.004768	0.213402	0.237590	0.106122	0.125089	0.076769	0.003638	0.003432	0.003800	
0.000229	0.000742	0.012977	0.000417	0.001585	0.000077	0.000310	0.000178	0.000183	0.001886	0.000411	0.000257	0.635184	0.005629	0.012203	0.322833	0.000632	0.000406	0.002802	0.001057	
0.000452	0.000090	0.000436	0.000086	0.000643	0.000632	0.000113	0.001779	0.001327	0.000352	0.000252	0.008874	0.002560	0.000251	0.000500	0.002185	0.000215	0.161070	0.447409	0.370773	
0.000464	0.000174	0.000320	0.000386	0.000722	0.003067	0.000824	0.008543	0.005729	0.000820	0.000711	0.028014	0.000794	0.000913	0.001051	0.000978	0.000907	0.119556	0.406284	0.419744	
0.000235	0.000185	0.000945	0.002195	0.003495	0.000630	0.001222	0.023902	0.020335	0.001148	0.002240	0.029423	0.003692	0.003547	0.004722	0.006707	0.004224	0.055587	0.369323	0.466244	
0.000601	0.000198	0.000538	0.000665	0.002450	0.000730	0.001735	0.004246	0.002651	0.000424	0.000653	0.006248	0.004538	0.000954	0.003643	0.010580	0.001130	0.038960	0.612319	0.306738	
0.001815	0.000526	0.001752	0.000929	0.001730	0.001965	0.001633	0.018110	0.006306	0.003135	0.003400	0.022435	0.003918	0.002372	0.001970	0.003840	0.001934	0.134704	0.341113	0.446412	
0.001279	0.000416	0.001563	0.002200	0.004200	0.002025	0.004600	0.048201	0.022131	0.002060	0.002660	0.045285	0.003394	0.002341	0.004326	0.003908	0.003467	0.096388	0.299536	0.450019	
0.000378	0.000179	0.000672	0.002866	0.005146	0.001334	0.003356	0.075611	0.021588	0.001142	0.004406	0.028942	0.003405	0.006793	0.014168	0.011045	0.012298	0.069070	0.354378	0.383221	
0.001611	0.000951	0.002639	0.003003	0.011860	0.003056	0.005012	0.042850	0.012199	0.005066	0.010522	0.038577	0.014749	0.018573	0.034812	0.030405	0.021451	0.107293	0.293702	0.341669	
0.003617	0.003250	0.005551	0.009290	0.021401	0.008108	0.013265	0.037536	0.018770	0.015059	0.025661	0.055622	0.030403	0.018501	0.035269	0.046230	0.021637	0.147867	0.170768	0.312194	
0.003258	0.003675	0.016862	0.004781	0.007919	0.004017	0.004021	0.076274	0.026862	0.070609	0.057827	0.077351	0.061576	0.073921	0.030483	0.039365	0.028151	0.145160	0.079475	0.188413	
0.007363	0.011917	0.015973	0.051803	0.033494	0.019892	0.054027	0.055551	0.073629	0.118926	0.113115	0.047193	0.023604	0.094973	0.056388	0.020382	0.096327	0.027422	0.031767	0.046256	
0.006493	0.014068	0.015409	0.018489	0.020459	0.006607	0.014153	0.013178	0.010918	0.131630	0.133043	0.010433	0.067918	0.171728	0.102524	0.061955	0.113136	0.016263	0.038042	0.033555	
0.000417	0.000569	0.002217	0.022201	0.046216	0.000948	0.004502	0.015217	0.009590	0.012359	0.098907	0.009252	0.024123	0.084663	0.228887	0.046557	0.286989	0.013311	0.041760	0.051316	
0.003987	0.012165	0.020502	0.020898	0.033036	0.003251	0.005527	0.008679	0.008500	0.097088	0.090736	0.007291	0.104678	0.151958	0.128651	0.087152	0.112421	0.011661	0.055820	0.035999	
0.002534	0.002320	0.010027	0.011988	0.022985	0.002915	0.006894	0.020509	0.016232	0.059812	0.109530	0.018570	0.060855	0.120231	0.099773	0.049138	0.118207	0.041386	0.102641	0.123455	
0.006883	0.012253	0.010084	0.015357	0.009071	0.007135	0.012891	0.018936	0.012827	0.222234	0.179292	0.017627	0.032131	0.096653	0.032679	0.022116	0.059421	0.051058	0.078518	0.102836	
0.001461	0.001633	0.003820	0.011217	0.016834	0.002054	0.005451	0.024152	0.014015	0.032970	0.069046	0.039542	0.037846	0.047269	0.067938	0.050791	0.057819	0.123712	0.138658	0.253772	
0.001256	0.000526	0.003686	0.014005	0.042274	0.001205	0.003840	0.033483	0.023338	0.005428	0.025449	0.039213	0.015360	0.019298	0.071567	0.049106	0.075198	0.105917	0.222384	0.247468	
0.008648	0.003553	0.009924	0.004724	0.022341	0.015639	0.016709	0.041759	0.042348	0.015632	0.011858	0.131996	0.028719	0.017948	0.018347	0.036601	0.010014	0.293421	0.088109	0.181710	
0.000845	0.000450	0.013795	0.006889	0.009429	0.002188	0.005770	0.073420	0.153972	0.012664	0.015972	0.332147	0.059928	0.035426	0.024718	0.078709	0.013420	0.099540	0.018299	0.042417	
0.009557	0.010968	0.008609	0.021234	0.022122	0.092904	0.512915	0.014925	0.027072	0.041939	0.028089	0.015217	0.030662	0.028564	0.032797	0.051144	0.020379	0.012502	0.007432	0.010971	
0.000116	0.000119	0.001977	0.093570	0.447817	0.000124	0.007114	0.001054	0.013090	0.003788	0.018848	0.004490	0.006598	0.004855	0.216235	0.035568	0.137329	0.002318	0.002317	0.002673	
0.001550	0.000256	0.003169	0.008518	0.009126	0.008909	0.013038	0.017134	0.160007	0.009061	0.010038	0.157247	0.007738	0.023640	0.011114	0.009045	0.017346	0.213788	0.141948	0.177326	
0.008893	0.001561	0.007448	0.001202	0.008018	0.007396	0.006678	0.021406	0.008628	0.002809	0.001467	0.051787	0.026114	0.002548	0.007833	0.032227	0.001670	0.219944	0.289656	0.292714	
0.001450	0.001543	0.005778	0.007426	0.006349	0.006067	0.004781	0.051724	0.053855	0.028312	0.025000	0.149743	0.019026	0.028755	0.014685	0.017197	0.014430	0.244654	0.089516	0.229709	
0.004766	0.006576	0.014097	0.019512	0.034694	0.011222	0.026833	0.038172	0.045205	0.045395	0.054837	0.064852	0.072448	0.077097	0.085549	0.075646	0.058032	0.068560	0.079486	0.117020	
0.005779	0.008976	0.025578	0.009782	0.012214	0.004041	0.007159	0.021171	0.015094	0.131833	0.087177	0.021842	0.106606	0.168589	0.067444	0.083937	0.057817	0.036162	0.062236	0.066562	
0.000991	0.000859	0.003724	0.022229	0.043473	0.001581	0.011081	0.017543	0.019103	0.012418	0.059853	0.021713	0.044936	0.055841	0.191876	0.135573	0.133011	0.028238	0.094902	0.101055	
0.013582	0.024465	0.032891	0.011651	0.018522	0.013984	0.016824	0.022946	0.018458	0.088148	0.043368	0.035145	0.141402	0.058620	0.038755	0.096746	0.022129	0.062790	0.104304	0.135272	
0.006621	0.005135	0.008298	0.017258	0.031854	0.010523	0.040227	0.036580	0.044503	0.030502	0.041494	0.062503	0.050006	0.034153	0.066683	0.099488	0.040381	0.076111	0.128239	0.169442	
0.017686	0.015239	0.011151	0.016785	0.018212	0.064616	0.137140	0.027424	0.038987	0.082052	0.054306	0.051497	0.035125	0.050982	0.029490	0.039231	0.029011	0.085822	0.077502	0.117742	
0.008550	0.012855	0.011508	0.012970	0.021769	0.015205	0.033773	0.017196	0.016962	0.077990	0.054701	0.042994	0.101244	0.055090	0.050281	0.084571	0.024507	0.090691	0.106010	0.161134	
0.001546	0.001992	0.006895	0.008098	0.021781	0.004929	0.008192	0.036913	0.034862	0.013830	0.020117	0.057411	0.079215	0.041317	0.071291	0.108248	0.030085	0.081053	0.153610	0.218613	
0.006686	0.005470	0.012418	0.005974	0.008083	0.004675	0.006731	0.033584	0.009519	0.066724	0.063297	0.018947	0.066514	0.079749	0.044236	0.053598	0.038696	0.078215	0.185764	0.211120	
0.001203	0.001950	0.003947	0.013017	0.017590	0.002880	0.009018	0.018402	0.015268	0.067538	0.124136	0.027805	0.047381	0.093158	0.072756	0.059738	0.074779	0.063610	0.118850	0.166972	
0.000193	0.000215	0.001404	0.008678	0.011003	0.000251	0.000630	0.041391	0.008532	0.006283	0.063063	0.009407	0.010083	0.070092	0.122534	0.023781	0.246551	0.019244	0.196227	0.160437	
0.001038	0.001267	0.005043	0.013321	0.024230	0.001137	0.002063	0.010608	0.006088	0.059016	0.128335	0.007598	0.021724	0.164731	0.108485	0.029913	0.212658	0.022005	0.117782	0.062957	
0.007160	0.003592	0.018031	0.010953	0.023363	0.004712	0.007804	0.050772	0.016874	0.040161	0.055278	0.033832	0.038427	0.065249	0.065751	0.027515	0.080736	0.095334	0.147601	0.206855	
0.002392	0.002605	0.004213	0.019561	0.015506	0.006331	0.011124	0.050950	0.043518	0.062644	0.090765	0.086915	0.010705	0.036894	0.031909	0.016287	0.055898	0.175383	0.093532	0.182868	
0.001209	0.000592	0.004294	0.009606	0.020128	0.002544	0.005723	0.104580	0.056620	0.008563	0.040980	0.098284	0.022930	0.053268	0.069839	0.050225	0.077113	0.157278	0.054877	0.161347	
0.012322	0.008605	0.027859	0.010791	0.022939	0.023247	0.029547	0.080167	0.085982	0.029892	0.013103	0.274158	0.056337	0.025161	0.020101	0.043262	0.010216	0.131450	0.026225	0.068635	
0.000151	0.000538	0.001079	0.253585	0.009496	0.000179	0.049942	0.000469	0.001563	0.023479	0.060069	0.000425	0.063836	0.064546	0.160843	0.220222	0.085547	0.000411	0.002571	0.001049	
0.000114	0.000064	0.002951	0.000390	0.040117	0.000245	0.000397	0.000693	0.005659	0.000328	0.000267	0.059784	0.269602	0.000789	0.016179	0.444247	0.000481	0.110643	0.015305	0.031742	
0.005432	0.008436	0.031902	0.016069	0.024920	0.012755	0.012331	0.022787	0.025233	0.060930	0.056055	0.040791	0.150912	0.086751	0.095163	0.198664	0.054328	0.041247	0.021672	0.033624	
0.014482	0.012316	0.031790	0.026440	0.039547	0.014751	0.047434	0.022234	0.042071	0.061129	0.040865	0.050128	0.116300	0.059563	0.079377	0.212377	0.036263	0.044475	0.022112	0.026343	
0.016052	0.022820	0.053833	0.020849	0.036293	0.039340	0.034168	0.020280	0.058844	0.069653	0.035670	0.078169	0.141975	0.076252	0.058216	0.124776	0.028667	0.046464	0.017185	0.020493	
