0.042271	0.063701	0.070270	0.028075	0.024252	0.040786	0.050024	0.019633	0.022845	0.086385	0.041225	0.028145	0.151981	0.069674	0.052352	0.099856	0.032005	0.028120	0.023383	0.025016	
0.006534	0.010056	0.041343	0.013451	0.038825	0.008804	0.011470	0.021012	0.048280	0.041369	0.026438	0.071051	0.227085	0.061981	0.062221	0.158735	0.025741	0.067610	0.022243	0.035750	
0.002765	0.007342	0.039316	0.011841	0.009120	0.005576	0.005412	0.016104	0.046754	0.123434	0.056617	0.049392	0.175440	0.211787	0.056841	0.097564	0.042146	0.023437	0.007670	0.011441	
0.083521	0.246284	0.160951	0.000979	0.001702	0.138701	0.008537	0.003558	0.008346	0.114835	0.003741	0.020578	0.134588	0.023011	0.002591	0.014546	0.001186	0.016975	0.007188	0.008181	
0.002815	0.002529	0.033030	0.004703	0.010302	0.001892	0.001569	0.022539	0.022047	0.064762	0.039845	0.055833	0.231322	0.106288	0.049947	0.125194	0.026525	0.101924	0.039288	0.057647	
0.002044	0.001650	0.010434	0.032383	0.030898	0.004699	0.017405	0.038281	0.096129	0.050014	0.068830	0.095228	0.060107	0.078672	0.068261	0.078699	0.061081	0.083683	0.047213	0.074287	
0.004171	0.003063	0.017016	0.015326	0.015486	0.003974	0.005436	0.047111	0.025633	0.052755	0.063623	0.044155	0.069987	0.117989	0.074602	0.066578	0.077894	0.071484	0.113559	0.110156	
0.003159	0.003493	0.009092	0.039504	0.040541	0.009397	0.020260	0.030967	0.037504	0.030067	0.062265	0.037227	0.050161	0.108168	0.145088	0.078558	0.137547	0.032126	0.064566	0.060310	
0.004471	0.004559	0.012680	0.054082	0.068907	0.005815	0.030743	0.030387	0.038282	0.037093	0.070277	0.036340	0.056616	0.087209	0.129626	0.090638	0.111371	0.033795	0.048594	0.048515	
0.004715	0.005604	0.012586	0.045894	0.090681	0.018612	0.076660	0.027567	0.086330	0.029943	0.036491	0.072194	0.055792	0.043500	0.090623	0.094241	0.052326	0.045041	0.049287	0.061913	
0.006866	0.004511	0.015202	0.010668	0.007859	0.004941	0.012686	0.034426	0.014788	0.058237	0.073940	0.019789	0.060102	0.099272	0.047883	0.064970	0.051630	0.063240	0.176009	0.172981	
0.001960	0.001555	0.003343	0.003897	0.022041	0.002586	0.007723	0.018357	0.007951	0.009208	0.017715	0.020745	0.064416	0.024819	0.079252	0.199599	0.022288	0.080588	0.184006	0.227951	
0.002372	0.002551	0.006098	0.004578	0.007705	0.007205	0.003758	0.067893	0.030416	0.006605	0.007477	0.054620	0.023404	0.023145	0.018195	0.019587	0.013570	0.079468	0.286685	0.334670	
0.003285	0.001592	0.002273	0.008509	0.004804	0.000917	0.003487	0.011043	0.006990	0.008839	0.015356	0.009531	0.011925	0.012959	0.009603	0.021334	0.012006	0.039843	0.567355	0.248350	
0.002981	0.001115	0.003823	0.003551	0.010422	0.001978	0.007417	0.009243	0.009615	0.005456	0.006773	0.029249	0.026957	0.007008	0.013111	0.047349	0.006137	0.122731	0.317363	0.367722	
0.003896	0.003093	0.002870	0.005398	0.006994	0.013609	0.023420	0.035104	0.041316	0.008850	0.006847	0.074339	0.007634	0.005681	0.005766	0.013560	0.004193	0.127544	0.259618	0.350269	
0.001197	0.000639	0.002271	0.005532	0.015893	0.004062	0.010741	0.054134	0.049305	0.002364	0.006203	0.056363	0.015525	0.010845	0.026080	0.039554	0.013096	0.083571	0.255219	0.347407	
0.002150	0.000594	0.002404	0.003088	0.001955	0.000413	0.001170	0.025858	0.004615	0.007270	0.014851	0.007925	0.006445	0.016117	0.007506	0.014048	0.013296	0.059436	0.533557	0.277303	
0.001234	0.000549	0.001897	0.002095	0.011372	0.002178	0.005116	0.026712	0.008479	0.003759	0.006882	0.042181	0.016362	0.008694	0.025645	0.046281	0.009779	0.211025	0.193351	0.376408	
0.000735	0.000493	0.001517	0.002343	0.005161	0.002956	0.001546	0.102394	0.021186	0.001731	0.002332	0.078872	0.003324	0.004528	0.006834	0.007056	0.005038	0.155276	0.255150	0.341529	
0.000392	0.000177	0.003330	0.019486	0.026962	0.000571	0.001741	0.045605	0.023798	0.002298	0.014406	0.029653	0.023417	0.035031	0.069716	0.039822	0.060619	0.080373	0.269974	0.252629	
0.014230	0.001532	0.008573	0.000934	0.009298	0.002272	0.005043	0.029425	0.005095	0.001750	0.001696	0.043640	0.033583	0.002670	0.006570	0.104881	0.001558	0.278956	0.189829	0.258465	
0.000635	0.000393	0.002676	0.021014	0.020707	0.021338	0.073488	0.038063	0.346742	0.004509	0.003676	0.367706	0.004273	0.003639	0.004517	0.006261	0.003268	0.056553	0.005051	0.015492	
0.000526	0.001139	0.017336	0.010437	0.010637	0.001956	0.007162	0.009500	0.006542	0.048809	0.079643	0.003743	0.133300	0.259613	0.168266	0.124576	0.105950	0.003434	0.003300	0.004132	
0.000970	0.001620	0.017916	0.034073	0.225687	0.000647	0.007039	0.002415	0.008600	0.021234	0.025111	0.006079	0.100657	0.026918	0.201483	0.225948	0.074422	0.004682	0.008241	0.006259	
0.001497	0.000394	0.003001	0.002223	0.008985	0.004028	0.002402	0.018345	0.031208	0.003866	0.004999	0.072919	0.011231	0.009878	0.012886	0.017005	0.009414	0.266652	0.235635	0.283432	
0.003163	0.000840	0.003124	0.004569	0.011926	0.005352	0.006705	0.047905	0.028792	0.003285	0.004052	0.072515	0.005217	0.004696	0.006356	0.006635	0.004839	0.198664	0.241281	0.340085	
0.000997	0.000530	0.002209	0.006514	0.006236	0.001507	0.002645	0.099288	0.028413	0.011104	0.025258	0.058440	0.005642	0.021052	0.018186	0.014716	0.022334	0.172051	0.198929	0.303950	
0.001910	0.000617	0.003332	0.005754	0.010386	0.002625	0.005220	0.044468	0.044146	0.003601	0.005872	0.077245	0.016600	0.012784	0.016962	0.031260	0.009662	0.154591	0.258945	0.294020	
0.003547	0.001343	0.004152	0.003181	0.006636	0.003652	0.007192	0.044843	0.016363	0.009772	0.012897	0.052409	0.023396	0.016183	0.015872	0.052109	0.008871	0.269424	0.183324	0.264834	
0.004065	0.003462	0.009254	0.012506	0.017089	0.019798	0.024148	0.031580	0.094417	0.021083	0.011891	0.250656	0.030335	0.014201	0.012481	0.030192	0.007117	0.255657	0.051837	0.098229	
0.002554	0.001298	0.016734	0.013950	0.047137	0.005767	0.024233	0.025103	0.082843	0.016172	0.023200	0.120498	0.114907	0.047195	0.080670	0.181279	0.033814	0.099157	0.021006	0.042483	
0.001426	0.001617	0.009559	0.063934	0.167293	0.013627	0.139232	0.017248	0.088369	0.027081	0.038306	0.074963	0.039546	0.039345	0.111622	0.063836	0.061006	0.027519	0.004267	0.010204	
0.000509	0.000902	0.015087	0.016584	0.016939	0.000955	0.002758	0.006968	0.009167	0.033507	0.058506	0.010741	0.182236	0.195902	0.160607	0.156603	0.105145	0.009460	0.009057	0.008364	
0.001565	0.002629	0.026980	0.005572	0.013440	0.000409	0.001931	0.001127	0.001265	0.006626	0.002613	0.001759	0.466078	0.015191	0.034903	0.390891	0.005225	0.002821	0.013326	0.005648	
0.002060	0.001595	0.007165	0.001909	0.021333	0.004121	0.002481	0.008716	0.011324	0.006720	0.003893	0.054868	0.079135	0.006795	0.017104	0.105949	0.003920	0.228975	0.206508	0.225429	
0.007525	0.007802	0.006733	0.013700	0.014897	0.050193	0.031312	0.037217	0.053317	0.038033	0.027816	0.093647	0.014994	0.029253	0.018882	0.017860	0.019733	0.129241	0.192174	0.195670	
0.003402	0.002098	0.008311	0.007676	0.010927	0.002585	0.006350	0.074054	0.025147	0.020517	0.040293	0.039880	0.041397	0.060297	0.048437	0.077679	0.040042	0.071595	0.194989	0.224322	
0.004144	0.002827	0.003526	0.017985	0.026143	0.010013	0.041974	0.024929	0.026201	0.012012	0.020752	0.037425	0.021757	0.017361	0.034801	0.057939	0.022211	0.067017	0.296318	0.254663	
0.002873	0.001891	0.006344	0.021280	0.011923	0.001619	0.008248	0.028221	0.012217	0.018351	0.043103	0.011961	0.026577	0.049095	0.054896	0.047828	0.066086	0.031852	0.341299	0.214335	
0.002232	0.001456	0.004851	0.006547	0.041304	0.003992	0.010522	0.017006	0.013865	0.005477	0.007721	0.029687	0.038631	0.011694	0.047121	0.057971	0.016404	0.087440	0.260131	0.335949	
0.001259	0.000539	0.002374	0.005928	0.009190	0.000912	0.002200	0.074008	0.020955	0.003612	0.011749	0.022672	0.005977	0.015020	0.021411	0.016952	0.029027	0.047041	0.398738	0.310435	
0.001699	0.001016	0.003138	0.002860	0.006126	0.002233	0.004308	0.038689	0.018622	0.005644	0.007233	0.036299	0.017502	0.016376	0.013480	0.023162	0.008834	0.089691	0.332648	0.370439	
0.002741	0.002586	0.003026	0.003114	0.005587	0.003507	0.006093	0.012235	0.008638	0.012305	0.010361	0.028521	0.020927	0.008398	0.008411	0.026662	0.004626	0.126666	0.330140	0.375457	
0.003078	0.002482	0.006220	0.008201	0.012872	0.005402	0.013591	0.025929	0.039420	0.024424	0.027242	0.078616	0.030617	0.022872	0.019680	0.035538	0.015573	0.144872	0.183797	0.299576	
0.004320	0.001964	0.006480	0.014399	0.018820	0.004301	0.019675	0.077400	0.028652	0.019645	0.050964	0.038097	0.024053	0.046578	0.065088	0.054541	0.068075	0.063819	0.172535	0.220596	
0.002621	0.002605	0.009540	0.010488	0.010451	0.002887	0.007155	0.055549	0.013749	0.046005	0.081963	0.017229	0.039294	0.179625	0.105143	0.058988	0.132023	0.026271	0.112321	0.086092	
0.000572	0.000638	0.002407	0.030122	0.026005	0.000801	0.004039	0.024646	0.009383	0.015622	0.099206	0.008397	0.013570	0.123759	0.176855	0.029865	0.320638	0.011706	0.058659	0.043109	
0.003992	0.007132	0.020350	0.019156	0.036528	0.002857	0.009585	0.007109	0.004997	0.048679	0.047239	0.008390	0.171136	0.111994	0.133135	0.167351	0.071620	0.017466	0.071116	0.040170	
0.002493	0.001396	0.013759	0.014460	0.045505	0.003305	0.008721	0.052131	0.060069	0.015723	0.021111	0.091296	0.054436	0.031348	0.043938	0.050966	0.028982	0.147565	0.119062	0.193736	
0.004261	0.004614	0.023809	0.008861	0.008151	0.006851	0.006320	0.044225	0.038014	0.120356	0.064192	0.082388	0.068603	0.106564	0.032075	0.039261	0.029600	0.149222	0.062489	0.100146	
0.004309	0.004662	0.009782	0.015296	0.017949	0.009691	0.012694	0.062182	0.037926	0.051210	0.071323	0.082490	0.051459	0.085553	0.066868	0.078983	0.059816	0.102499	0.069672	0.105636	
0.000528	0.000433	0.003367	0.011311	0.038141	0.000734	0.002652	0.032716	0.011385	0.011166	0.070277	0.016122	0.027709	0.086462	0.252820	0.131936	0.211498	0.024555	0.028440	0.037747	
0.001644	0.003706	0.022477	0.010032	0.045117	0.009575	0.007756	0.045357	0.037179	0.053881	0.050437	0.050958	0.107297	0.153935	0.138736	0.086842	0.072882	0.043178	0.021736	0.037275	
0.001960	0.001570	0.039493	0.006671	0.003498	0.001036	0.001348	0.030949	0.014065	0.110384	0.097941	0.025391	0.126145	0.299570	0.034122	0.044661	0.057029	0.035804	0.032723	0.035640	
0.004376	0.001123	0.003962	0.008349	0.026128	0.013340	0.045698	0.111701	0.053844	0.009411	0.019976	0.099634	0.013775	0.014833	0.024959	0.030357	0.018188	0.185124	0.095183	0.220040	
0.000314	0.000587	0.007801	0.193323	0.171280	0.000524	0.011657	0.004840	0.046657	0.045488	0.081344	0.018156	0.013146	0.028918	0.147209	0.032080	0.178238	0.006253	0.005535	0.006650	
0.003015	0.000633	0.001821	0.003928	0.004419	0.007074	0.007058	0.011423	0.051622	0.003437	0.004061	0.071241	0.005532	0.005276	0.003197	0.005927	0.003760	0.186639	0.278052	0.341883	
0.003541	0.000764	0.002175	0.000793	0.002103	0.001204	0.003420	0.008624	0.003128	0.001577	0.001068	0.011893	0.012324	0.002043	0.003285	0.020545	0.001032	0.079437	0.521487	0.319555	
0.000588	0.000531	0.000894	0.001979	0.005027	0.004787	0.002910	0.021360	0.019926	0.004143	0.005145	0.058554	0.003605	0.003989	0.005028	0.005546	0.003540	0.184585	0.204669	0.463195	
0.001593	0.000891	0.002836	0.003622	0.004621	0.001448	0.003242	0.038850	0.026724	0.004363	0.005607	0.034735	0.014783	0.011926	0.008031	0.016371	0.006143	0.064253	0.406044	0.343916	
0.001718	0.001212	0.003017	0.000988	0.001344	0.001062	0.001219	0.021997	0.004742	0.016150	0.016501	0.015095	0.014136	0.021289	0.007391	0.013537	0.007900	0.077253	0.378332	0.395116	
0.000933	0.000608	0.000854	0.007751	0.008189	0.001010	0.007380	0.010576	0.007606	0.003360	0.009648	0.010967	0.007800	0.008058	0.019412	0.032513	0.013805	0.034364	0.501572	0.313594	
0.001477	0.001107	0.003979	0.002092	0.005866	0.001775	0.001978	0.014913	0.011472	0.001928	0.001537	0.026723	0.017662	0.003072	0.004711	0.015815	0.002018	0.070342	0.402131	0.409403	
0.002685	0.000940	0.001136	0.002917	0.003905	0.001064	0.004654	0.006878	0.004877	0.003135	0.004582	0.009409	0.004858	0.002443	0.003688	0.013750	0.002899	0.056474	0.539367	0.330340	
0.004931	0.001276	0.003090	0.002333	0.004573	0.004333	0.013115	0.021363	0.017942	0.003664	0.004241	0.040757	0.010553	0.005023	0.005505	0.021623	0.003376	0.131649	0.305836	0.394818	
0.002290	0.001349	0.001438	0.001929	0.004564	0.006094	0.012281	0.049959	0.020172	0.003620	0.003988	0.049388	0.005109	0.003851	0.005011	0.013808	0.002771	0.135394	0.253366	0.423617	
0.000551	0.000302	0.000932	0.001955	0.004558	0.002588	0.002473	0.059329	0.042592	0.000665	0.001418	0.065621	0.004461	0.003388	0.006420	0.009406	0.003510	0.101601	0.272350	0.415880	
0.001769	0.000469	0.001969	0.001317	0.001804	0.000384	0.001504	0.009259	0.002712	0.003171	0.004328	0.006908	0.011495	0.005414	0.004248	0.018458	0.003242	0.065458	0.517569	0.338525	
0.001076	0.000470	0.001338	0.000535	0.002664	0.001211	0.002190	0.013790	0.003727	0.001903	0.002070	0.019293	0.014213	0.003588	0.006125	0.026521	0.001775	0.117652	0.321137	0.458724	
0.000289	0.000138	0.000574	0.001595	0.002103	0.000707	0.000534	0.068299	0.016209	0.000467	0.001143	0.024232	0.001264	0.002491	0.003556	0.003038	0.003785	0.047562	0.469203	0.352808	
0.003536	0.001484	0.004131	0.006010	0.005313	0.001172	0.002531	0.012761	0.008755	0.008355	0.008401	0.015390	0.012726	0.015507	0.008328	0.015996	0.009175	0.061764	0.574816	0.223850	
0.004715	0.001730	0.004133	0.002992	0.015247	0.005315	0.013653	0.020373	0.015358	0.005025	0.004929	0.064500	0.014706	0.004357	0.007847	0.023266	0.003474	0.272042	0.172774	0.343564	
0.001393	0.001570	0.008804	0.004058	0.004586	0.005950	0.005294	0.080859	0.081574	0.037072	0.015611	0.219384	0.022189	0.028192	0.009886	0.021092	0.007416	0.227722	0.073262	0.144086	
0.000681	0.000491	0.006942	0.004867	0.017491	0.002882	0.003301	0.101690	0.047627	0.007732	0.018453	0.071811	0.059950	0.079048	0.099251	0.090377	0.052565	0.096510	0.086946	0.151387	
0.002573	0.000951	0.007525	0.006737	0.018270	0.002709	0.005177	0.077049	0.034006	0.006154	0.006135	0.127485	0.027450	0.011935	0.015603	0.037519	0.008154	0.212552	0.148594	0.243422	
0.001978	0.003811	0.008734	0.125931	0.015052	0.001611	0.027139	0.004181	0.007837	0.116579	0.117376	0.009291	0.099407	0.100848	0.089125	0.105679	0.071613	0.021441	0.043369	0.028997	
0.000131	0.000138	0.002354	0.001427	0.033169	0.000454	0.000706	0.002717	0.005870	0.000840	0.001082	0.039573	0.231827	0.004482	0.044802	0.484595	0.003307	0.074757	0.024374	0.043395	
0.000921	0.001050	0.010244	0.010304	0.033523	0.002909	0.003619	0.036068	0.020940	0.017196	0.045057	0.039775	0.081893	0.102115	0.193119	0.177545	0.111748	0.040424	0.026804	0.044747	
0.003965	0.006911	0.014201	0.029848	0.047581	0.009917	0.052395	0.009942	0.018553	0.036412	0.036161	0.019036	0.138331	0.080566	0.153076	0.248106	0.053106	0.015501	0.013136	0.013254	
0.004920	0.007914	0.049540	0.017691	0.033022	0.011524	0.010009	0.027644	0.057132	0.054375	0.040234	0.067146	0.161750	0.118556	0.086286	0.108438	0.050186	0.041858	0.022398	0.029378	
