0.041147	0.071499	0.081911	0.027524	0.028334	0.069701	0.066294	0.024763	0.040024	0.094196	0.039302	0.037363	0.114687	0.077303	0.045403	0.060181	0.030460	0.022497	0.012183	0.015228	
0.009329	0.018209	0.078191	0.021260	0.025619	0.008616	0.009667	0.012287	0.026840	0.136559	0.073766	0.023869	0.183500	0.143443	0.063888	0.069987	0.055670	0.020010	0.007918	0.011373	
0.006815	0.008585	0.048344	0.017377	0.025766	0.009996	0.010343	0.022758	0.080853	0.109882	0.062089	0.081350	0.112193	0.123245	0.058676	0.094235	0.050842	0.043615	0.013702	0.019334	
0.050422	0.134546	0.116075	0.012314	0.016811	0.119270	0.036598	0.010944	0.022402	0.132667	0.022824	0.023618	0.131610	0.052353	0.027442	0.046327	0.014617	0.013005	0.007740	0.008415	
0.005645	0.006549	0.043673	0.018395	0.020913	0.004794	0.005761	0.028242	0.038366	0.103735	0.084618	0.047504	0.142900	0.135230	0.062203	0.086790	0.059621	0.045394	0.025738	0.033930	
0.005360	0.008098	0.020901	0.035978	0.040188	0.007519	0.018933	0.017793	0.040844	0.131796	0.140504	0.037225	0.069926	0.122910	0.080616	0.061920	0.090408	0.030366	0.015455	0.023260	
0.002793	0.004562	0.023071	0.023340	0.020699	0.002883	0.003349	0.024729	0.015995	0.075370	0.104091	0.016920	0.079313	0.203974	0.115706	0.048447	0.157384	0.019068	0.029567	0.028737	
0.007450	0.011967	0.023141	0.045763	0.040320	0.008239	0.018386	0.017458	0.024591	0.082345	0.090625	0.020045	0.082278	0.128601	0.102186	0.076200	0.110401	0.021923	0.048139	0.039945	
0.011522	0.011805	0.023226	0.037118	0.063707	0.015248	0.035714	0.030089	0.030885	0.039530	0.060557	0.036318	0.082826	0.067666	0.103385	0.069117	0.084268	0.046688	0.066440	0.083892	
0.013303	0.013347	0.017408	0.059518	0.055211	0.013735	0.047673	0.021638	0.037772	0.043269	0.049585	0.031174	0.051279	0.043865	0.073647	0.094020	0.062258	0.037073	0.139798	0.094426	
0.010392	0.007192	0.010379	0.009473	0.013030	0.014679	0.019776	0.040209	0.018013	0.027488	0.036526	0.030943	0.036996	0.037341	0.035016	0.044142	0.030894	0.101648	0.218643	0.257222	
0.015132	0.011077	0.010523	0.012169	0.016437	0.014603	0.024574	0.033165	0.018473	0.035324	0.032216	0.036148	0.029353	0.028029	0.028588	0.041633	0.023857	0.097356	0.241065	0.250277	
0.005005	0.004254	0.007585	0.008664	0.015917	0.009388	0.009536	0.064311	0.032586	0.010419	0.013999	0.049806	0.021502	0.022755	0.028644	0.024891	0.022510	0.090070	0.256359	0.301802	
0.002782	0.001704	0.006899	0.010945	0.015272	0.002542	0.003930	0.041093	0.028390	0.011741	0.020527	0.037248	0.020418	0.031204	0.030053	0.025780	0.032436	0.072286	0.343472	0.261279	
0.011328	0.005927	0.009113	0.011273	0.010219	0.004863	0.009716	0.028102	0.012230	0.022510	0.023120	0.019402	0.018713	0.019466	0.020859	0.024235	0.022399	0.066320	0.394984	0.265221	
0.003477	0.002295	0.003005	0.016915	0.019679	0.007221	0.028512	0.034889	0.043243	0.009802	0.018488	0.050911	0.011437	0.012433	0.023922	0.025902	0.021587	0.085401	0.270253	0.310629	
0.003013	0.002015	0.004743	0.007891	0.013329	0.005759	0.006729	0.046703	0.019963	0.004517	0.007750	0.028774	0.013034	0.013498	0.024785	0.016346	0.020299	0.067323	0.359252	0.334275	
0.002832	0.001447	0.004036	0.007040	0.008049	0.002977	0.006225	0.031941	0.019659	0.017057	0.022123	0.032838	0.013317	0.024623	0.016209	0.015200	0.021732	0.127214	0.275100	0.350383	
0.004738	0.003231	0.004644	0.015859	0.016327	0.006099	0.020531	0.029610	0.015740	0.029505	0.051822	0.039821	0.023820	0.029991	0.038322	0.030935	0.036160	0.134580	0.180377	0.287886	
0.001126	0.000701	0.003899	0.007520	0.011726	0.001736	0.002739	0.050111	0.017278	0.003986	0.009323	0.032097	0.020832	0.017946	0.038151	0.044962	0.026386	0.073438	0.355657	0.280387	
0.001083	0.000655	0.008373	0.017296	0.029032	0.001142	0.002606	0.071050	0.030729	0.008774	0.040447	0.034992	0.036383	0.064188	0.077272	0.045686	0.093914	0.079851	0.157765	0.198764	
0.008621	0.001710	0.013003	0.005565	0.025062	0.002559	0.011608	0.037755	0.023109	0.010839	0.013233	0.089243	0.070696	0.016126	0.039314	0.210471	0.015016	0.182764	0.090526	0.132780	
0.004695	0.006184	0.010263	0.049413	0.057029	0.101896	0.304399	0.022773	0.190028	0.014281	0.009804	0.128135	0.012495	0.008541	0.019487	0.016498	0.011727	0.019458	0.003730	0.009164	
0.002110	0.004178	0.053971	0.009774	0.012090	0.002957	0.006875	0.007689	0.009918	0.089808	0.071483	0.004986	0.196141	0.252057	0.095367	0.096969	0.072974	0.004083	0.003124	0.003446	
0.001055	0.000817	0.011816	0.082498	0.404648	0.001050	0.014049	0.003216	0.031841	0.010477	0.024367	0.009585	0.019780	0.018015	0.179775	0.044891	0.127005	0.005062	0.005031	0.005024	
0.005295	0.001118	0.004004	0.004542	0.013701	0.012745	0.008291	0.015989	0.047791	0.003697	0.004207	0.081138	0.005890	0.004635	0.006834	0.005099	0.006623	0.321787	0.172384	0.274230	
0.004668	0.001187	0.005479	0.006318	0.008606	0.004264	0.005320	0.060619	0.032364	0.007319	0.008374	0.093920	0.007459	0.008357	0.007061	0.006235	0.008020	0.252971	0.176632	0.294828	
0.002243	0.001467	0.005431	0.036773	0.022902	0.003186	0.009186	0.079740	0.043888	0.026206	0.064337	0.067281	0.013764	0.045785	0.044135	0.024325	0.064360	0.125128	0.125891	0.193972	
0.003430	0.001835	0.017463	0.014806	0.027889	0.004351	0.008696	0.071613	0.070857	0.009080	0.015701	0.085379	0.055444	0.039348	0.039576	0.059849	0.027775	0.114894	0.154409	0.177607	
0.012289	0.005654	0.020461	0.011370	0.010955	0.006085	0.010431	0.026225	0.021483	0.069974	0.052982	0.049887	0.054974	0.047328	0.020538	0.044641	0.022257	0.212714	0.138410	0.161341	
0.003840	0.001620	0.007130	0.015161	0.029250	0.008769	0.024649	0.026237	0.084032	0.017827	0.022266	0.197460	0.037866	0.017771	0.024998	0.067326	0.014632	0.256747	0.047481	0.094938	
0.009400	0.007306	0.037866	0.022955	0.043020	0.027903	0.039469	0.045450	0.125615	0.046640	0.034872	0.158168	0.075057	0.057248	0.046102	0.055568	0.035235	0.087966	0.012798	0.031362	
0.001891	0.002483	0.012284	0.090702	0.199890	0.008656	0.138754	0.008425	0.050401	0.020306	0.030431	0.027841	0.060861	0.033373	0.136617	0.098941	0.063661	0.008363	0.002240	0.003879	
0.000614	0.001430	0.016498	0.031492	0.029335	0.001080	0.003106	0.004327	0.012037	0.068503	0.115140	0.006224	0.092847	0.256051	0.126598	0.055752	0.166779	0.004908	0.003711	0.003567	
0.002989	0.003584	0.043853	0.006484	0.033708	0.000871	0.002979	0.003273	0.004156	0.005757	0.002729	0.004839	0.457871	0.017610	0.063464	0.301417	0.009103	0.005048	0.020040	0.010225	
0.007165	0.005164	0.011290	0.003604	0.012566	0.009060	0.004803	0.014249	0.012759	0.018954	0.009803	0.037906	0.048172	0.010693	0.012894	0.041843	0.006174	0.178656	0.265725	0.288517	
0.005708	0.005138	0.004320	0.012326	0.009792	0.011813	0.011156	0.032952	0.024872	0.014551	0.017513	0.031482	0.011455	0.020357	0.016600	0.013813	0.020339	0.077479	0.356918	0.301417	
0.002608	0.001877	0.004398	0.010481	0.011571	0.001952	0.004536	0.024817	0.012413	0.011870	0.025699	0.018864	0.019880	0.026074	0.030488	0.025064	0.032754	0.065541	0.339532	0.329583	
0.002381	0.001225	0.002381	0.009493	0.016723	0.002562	0.011337	0.012779	0.012595	0.003566	0.006757	0.016301	0.016353	0.006484	0.022249	0.041321	0.011881	0.048797	0.474618	0.280196	
0.002829	0.001607	0.003161	0.004075	0.004324	0.003094	0.004442	0.023459	0.009591	0.008524	0.010415	0.016389	0.010048	0.011511	0.009074	0.009630	0.010685	0.079748	0.380392	0.397002	
0.007346	0.003689	0.005313	0.005560	0.015538	0.009680	0.013417	0.034528	0.016441	0.007299	0.006605	0.039942	0.010426	0.006566	0.011195	0.008657	0.008529	0.113578	0.257042	0.418648	
0.001148	0.000660	0.001737	0.009721	0.011812	0.002130	0.004336	0.073569	0.033333	0.002969	0.010161	0.030550	0.003960	0.010553	0.020978	0.010424	0.026817	0.061781	0.317523	0.365836	
0.001396	0.000722	0.002969	0.002768	0.005607	0.002036	0.003118	0.052648	0.017599	0.003137	0.005356	0.042530	0.013749	0.010323	0.011653	0.016773	0.008152	0.109934	0.288227	0.401304	
0.010776	0.008952	0.006082	0.011955	0.007898	0.009853	0.017325	0.023248	0.012003	0.018002	0.017569	0.024271	0.018702	0.012257	0.011516	0.019806	0.010409	0.082096	0.375274	0.302006	
0.007698	0.003976	0.011006	0.006113	0.014293	0.003706	0.006327	0.030611	0.017888	0.019864	0.019075	0.047527	0.034350	0.015715	0.016766	0.032272	0.012723	0.159082	0.209656	0.331352	
0.025267	0.024860	0.021430	0.021212	0.016310	0.037047	0.036587	0.063260	0.032289	0.075981	0.048936	0.050041	0.024474	0.045661	0.027119	0.018234	0.034071	0.082701	0.144247	0.170271	
0.005604	0.007365	0.013461	0.046287	0.028273	0.008944	0.030039	0.043477	0.053169	0.067698	0.102318	0.037051	0.036002	0.104729	0.067059	0.037179	0.100040	0.036919	0.082815	0.091573	
0.002238	0.001654	0.006267	0.034161	0.040490	0.001687	0.007768	0.027946	0.013169	0.014811	0.075125	0.012700	0.032198	0.065602	0.156250	0.054636	0.190609	0.028126	0.126514	0.108049	
0.005392	0.005121	0.010927	0.039572	0.041512	0.005011	0.017190	0.019044	0.016331	0.033952	0.058144	0.017326	0.045169	0.073991	0.099815	0.065143	0.107812	0.035781	0.188430	0.114336	
0.008191	0.004811	0.018347	0.018353	0.038345	0.006859	0.017302	0.040490	0.021333	0.023799	0.031162	0.028599	0.059921	0.044453	0.070694	0.075830	0.051611	0.066505	0.204175	0.169222	
0.007327	0.006171	0.016551	0.009377	0.011623	0.011570	0.013430	0.067220	0.027216	0.070727	0.063719	0.052670	0.037587	0.061407	0.028692	0.032554	0.033160	0.133502	0.110674	0.204821	
0.014051	0.010038	0.011749	0.010882	0.011806	0.021236	0.020827	0.066325	0.028983	0.028006	0.022999	0.071938	0.026804	0.021849	0.018483	0.032066	0.015317	0.152111	0.173930	0.240601	
0.003105	0.001351	0.006486	0.018374	0.024639	0.003852	0.010497	0.102935	0.045410	0.007285	0.024921	0.062517	0.019711	0.029037	0.046221	0.043510	0.047267	0.114441	0.164301	0.224142	
0.006481	0.003076	0.014900	0.010852	0.071146	0.008675	0.019329	0.066317	0.046418	0.010915	0.015031	0.093504	0.049966	0.019845	0.060415	0.098385	0.023020	0.156172	0.082440	0.143111	
0.006117	0.005344	0.052270	0.023100	0.012254	0.007249	0.009482	0.082487	0.094899	0.070489	0.062546	0.102194	0.071855	0.156740	0.035972	0.053327	0.044211	0.050573	0.027316	0.031575	
0.019635	0.008023	0.013582	0.017203	0.025801	0.052381	0.255397	0.078284	0.090940	0.024615	0.026664	0.078992	0.025286	0.020423	0.020473	0.042917	0.015541	0.075624	0.037248	0.070972	
0.002977	0.003230	0.023000	0.122775	0.228320	0.003870	0.035588	0.005841	0.027078	0.043607	0.058220	0.010185	0.020648	0.032624	0.167663	0.032655	0.161611	0.007018	0.006273	0.006819	
0.002267	0.000508	0.001448	0.002625	0.004554	0.010954	0.005384	0.014212	0.069397	0.001221	0.001150	0.110734	0.001808	0.001644	0.001137	0.001217	0.001498	0.302904	0.155277	0.310060	
0.003364	0.000671	0.002360	0.001501	0.002470	0.001206	0.001826	0.013390	0.005132	0.001776	0.001477	0.020743	0.007039	0.002221	0.003151	0.005401	0.001756	0.135768	0.440782	0.347965	
0.000579	0.000384	0.001368	0.005221	0.006833	0.001330	0.002783	0.017683	0.018012	0.004478	0.006244	0.050742	0.010110	0.006375	0.009183	0.014061	0.006161	0.177368	0.225239	0.435847	
0.003065	0.002576	0.005842	0.004272	0.006537	0.005148	0.004463	0.026455	0.023621	0.004505	0.003710	0.046805	0.023711	0.007650	0.007835	0.017412	0.004143	0.101348	0.341898	0.359003	
0.004165	0.003141	0.006570	0.003204	0.004829	0.002752	0.003413	0.021814	0.010405	0.017809	0.014153	0.025969	0.032531	0.017835	0.011341	0.025566	0.008347	0.099739	0.325170	0.361246	
0.001594	0.001162	0.002509	0.011624	0.011714	0.002313	0.008271	0.024846	0.023262	0.004498	0.009778	0.028423	0.016470	0.011713	0.024905	0.029876	0.017139	0.060595	0.380567	0.328739	
0.005067	0.004013	0.007253	0.005433	0.008320	0.003561	0.004231	0.024982	0.012220	0.025099	0.024866	0.031717	0.025607	0.018197	0.014511	0.024160	0.013877	0.122907	0.259888	0.364090	
0.011404	0.006235	0.009634	0.017919	0.020073	0.011235	0.028123	0.039419	0.045436	0.013190	0.014109	0.071419	0.021606	0.013501	0.019205	0.028031	0.015697	0.087202	0.258358	0.268204	
0.008710	0.004523	0.004825	0.014973	0.018653	0.022473	0.078730	0.036208	0.030507	0.010423	0.014807	0.033540	0.016633	0.015346	0.026961	0.027381	0.018702	0.083266	0.247949	0.285392	
0.005066	0.003127	0.004634	0.011273	0.013174	0.006306	0.017596	0.039555	0.026226	0.010063	0.013059	0.040739	0.013991	0.012944	0.016313	0.017865	0.014361	0.088110	0.289676	0.355921	
0.003635	0.002588	0.003171	0.006059	0.011351	0.006566	0.012394	0.015787	0.012299	0.009708	0.012846	0.023920	0.015535	0.011583	0.018330	0.020511	0.013212	0.094472	0.331518	0.374513	
0.001865	0.000816	0.002543	0.002165	0.003458	0.001614	0.001770	0.039560	0.007424	0.005220	0.008315	0.017996	0.008020	0.011287	0.008878	0.007705	0.009505	0.107121	0.327824	0.426913	
0.003040	0.002421	0.004226	0.005301	0.005071	0.003797	0.005398	0.037542	0.019502	0.018096	0.016340	0.039549	0.013355	0.018055	0.009772	0.010799	0.009996	0.104701	0.296708	0.376330	
0.001165	0.000786	0.002083	0.006928	0.008664	0.001026	0.001817	0.032475	0.010615	0.002442	0.007996	0.011024	0.007540	0.009628	0.021053	0.016084	0.020126	0.032746	0.520500	0.285303	
0.002522	0.001128	0.004652	0.004130	0.005416	0.001155	0.001971	0.013912	0.009206	0.008497	0.008789	0.013727	0.013867	0.015724	0.011201	0.018302	0.010942	0.074213	0.517412	0.263237	
0.004820	0.000893	0.001942	0.001392	0.003376	0.002857	0.005155	0.013930	0.009429	0.005710	0.005533	0.042131	0.005339	0.002743	0.002941	0.008964	0.002442	0.332152	0.204795	0.343455	
0.001934	0.000946	0.002996	0.002153	0.004620	0.009165	0.006681	0.031508	0.036030	0.013550	0.007051	0.163215	0.007738	0.006138	0.004661	0.007709	0.003274	0.417548	0.065489	0.207595	
0.000441	0.000176	0.003980	0.004973	0.019679	0.001144	0.002131	0.204072	0.082589	0.003233	0.011319	0.120144	0.016741	0.025603	0.040766	0.034453	0.031267	0.154616	0.059484	0.183186	
0.003725	0.001999	0.018040	0.009238	0.015226	0.005326	0.006402	0.132253	0.079945	0.036644	0.031207	0.182503	0.034109	0.055047	0.022404	0.024919	0.023649	0.160368	0.046382	0.110614	
0.000941	0.001749	0.002785	0.466735	0.014998	0.000657	0.060405	0.000982	0.005146	0.032398	0.072629	0.001928	0.033873	0.045751	0.078423	0.083178	0.083143	0.001648	0.009581	0.003051	
0.000374	0.000147	0.004657	0.000903	0.040563	0.000632	0.001194	0.002156	0.007195	0.000648	0.000773	0.051138	0.268662	0.002427	0.027918	0.390595	0.001804	0.131750	0.023453	0.043010	
0.002541	0.002228	0.022437	0.013455	0.049141	0.006651	0.005701	0.072715	0.061709	0.020394	0.037477	0.108095	0.074986	0.064756	0.095568	0.109240	0.071872	0.083778	0.032575	0.064680	
0.014622	0.019571	0.039672	0.054068	0.044761	0.024716	0.075637	0.038643	0.046110	0.083811	0.076906	0.029804	0.060907	0.114166	0.084668	0.064655	0.083250	0.017787	0.012382	0.013865	
0.010496	0.014079	0.047775	0.031347	0.047599	0.016151	0.023477	0.019589	0.051451	0.072456	0.055107	0.048661	0.120619	0.103926	0.089497	0.122438	0.061235	0.029557	0.016643	0.017896	
