0.037396	0.046073	0.041671	0.020443	0.047239	0.052451	0.065161	0.031485	0.035421	0.047657	0.030560	0.049682	0.086979	0.044047	0.063416	0.098373	0.033518	0.056781	0.051406	0.060239	
0.004949	0.007749	0.016694	0.028329	0.024788	0.009846	0.014436	0.031878	0.055509	0.042737	0.064691	0.040202	0.090176	0.129403	0.087766	0.104175	0.077508	0.050188	0.057519	0.061456	
0.020354	0.015483	0.105804	0.009454	0.013635	0.006901	0.009404	0.011587	0.024409	0.069396	0.019292	0.056965	0.303535	0.059767	0.021176	0.079791	0.011305	0.086443	0.032849	0.042449	
0.001278	0.000555	0.003314	0.007759	0.013958	0.006562	0.014661	0.022313	0.188775	0.003520	0.002692	0.345711	0.020215	0.005441	0.005889	0.022194	0.002836	0.190412	0.047836	0.094078	
0.000667	0.000584	0.005198	0.101182	0.028649	0.000900	0.017882	0.009981	0.027379	0.014194	0.031377	0.016816	0.088182	0.061473	0.158968	0.222169	0.080462	0.023324	0.067026	0.043586	
0.001309	0.001135	0.005188	0.001726	0.024174	0.004152	0.003593	0.006391	0.013366	0.003393	0.001882	0.083557	0.156408	0.005990	0.017867	0.255373	0.002196	0.181802	0.097911	0.132589	
0.001142	0.000996	0.004652	0.008440	0.020191	0.003039	0.005262	0.067686	0.027364	0.020331	0.063361	0.047881	0.034843	0.096615	0.133199	0.112215	0.106322	0.076373	0.070939	0.099149	
0.001029	0.000946	0.004160	0.017249	0.040802	0.003266	0.009881	0.066857	0.029937	0.013319	0.039288	0.051569	0.039514	0.076745	0.167545	0.123653	0.100976	0.063195	0.060432	0.089638	
0.001861	0.001835	0.011646	0.014754	0.032528	0.002379	0.004697	0.037394	0.026155	0.021985	0.041283	0.046823	0.090227	0.093459	0.112440	0.133029	0.073014	0.073809	0.082810	0.097873	
0.004349	0.003292	0.017694	0.017326	0.038091	0.005129	0.014061	0.047030	0.034955	0.022521	0.027163	0.077006	0.111052	0.052642	0.064827	0.125326	0.033057	0.085461	0.100660	0.118357	
0.002199	0.003112	0.012078	0.079319	0.016643	0.000798	0.012540	0.004824	0.005610	0.033829	0.043284	0.004769	0.156334	0.062498	0.095453	0.262427	0.049400	0.013501	0.099752	0.041630	
0.002235	0.000990	0.004797	0.002381	0.067226	0.003966	0.005320	0.004607	0.020281	0.001291	0.000847	0.112631	0.061604	0.001367	0.012210	0.124938	0.001433	0.294071	0.112754	0.165053	
0.001514	0.000718	0.002654	0.010541	0.020154	0.008744	0.015792	0.059678	0.152795	0.004394	0.009220	0.161479	0.009931	0.012386	0.016264	0.025423	0.013169	0.146428	0.131415	0.197303	
0.005990	0.003803	0.021623	0.004254	0.004284	0.002888	0.005998	0.021168	0.010827	0.023552	0.011502	0.021025	0.107844	0.036288	0.016710	0.064648	0.007610	0.095146	0.274963	0.259876	
0.000851	0.000321	0.000618	0.000305	0.001385	0.000900	0.000906	0.006945	0.004412	0.000823	0.000687	0.019357	0.005812	0.001145	0.002082	0.012360	0.000655	0.123024	0.408536	0.408876	
0.000293	0.000125	0.000249	0.000552	0.001785	0.002265	0.001505	0.011353	0.031672	0.000113	0.000144	0.046483	0.001188	0.000387	0.000811	0.002035	0.000335	0.075050	0.390791	0.432863	
0.001265	0.000398	0.000385	0.000154	0.000206	0.000289	0.000391	0.000819	0.000626	0.000283	0.000137	0.001543	0.001399	0.000177	0.000132	0.001383	0.000067	0.023896	0.690690	0.275760	
0.000195	0.000027	0.000082	0.000051	0.000219	0.000217	0.000249	0.001398	0.002098	0.000053	0.000042	0.006931	0.000280	0.000044	0.000074	0.000399	0.000034	0.068538	0.436192	0.482877	
0.000045	0.000007	0.000046	0.000038	0.000151	0.000114	0.000124	0.010590	0.006020	0.000013	0.000016	0.012544	0.000103	0.000032	0.000069	0.000207	0.000032	0.053770	0.335303	0.580776	
0.000156	0.000032	0.000045	0.000048	0.000112	0.000187	0.000206	0.011774	0.001741	0.000037	0.000062	0.003863	0.000104	0.000091	0.000117	0.000347	0.000079	0.030959	0.497469	0.452572	
0.000111	0.000018	0.000045	0.000156	0.000438	0.000083	0.000222	0.013470	0.002409	0.000023	0.000108	0.004997	0.000161	0.000176	0.000421	0.000974	0.000320	0.028311	0.578581	0.368979	
0.000933	0.000175	0.000364	0.000298	0.000417	0.000325	0.000457	0.010948	0.001584	0.000231	0.000327	0.006084	0.000690	0.000449	0.000435	0.001580	0.000361	0.067391	0.540772	0.366181	
0.000818	0.000107	0.000743	0.000322	0.001640	0.000630	0.001053	0.022448	0.010414	0.000219	0.000240	0.064733	0.002401	0.000397	0.000720	0.005050	0.000258	0.315338	0.198117	0.374352	
0.000845	0.000335	0.002118	0.004159	0.008183	0.006083	0.009009	0.102527	0.108709	0.000938	0.000978	0.299984	0.004091	0.001671	0.002510	0.005390	0.001253	0.222882	0.057495	0.160839	
0.002040	0.001807	0.009196	0.050749	0.010968	0.000801	0.009095	0.016601	0.006760	0.014939	0.031305	0.006525	0.109070	0.072582	0.088125	0.194112	0.053300	0.025940	0.201137	0.094948	
0.002052	0.000987	0.007319	0.002256	0.058519	0.002065	0.004204	0.009898	0.011376	0.001434	0.001348	0.055724	0.119904	0.003741	0.028668	0.268296	0.003103	0.170681	0.105141	0.143284	
0.002482	0.002593	0.007798	0.010536	0.019212	0.013042	0.010338	0.122168	0.105769	0.013178	0.024021	0.152310	0.023433	0.044798	0.038236	0.044866	0.032268	0.122699	0.079131	0.131124	
0.022921	0.034271	0.021041	0.065261	0.011790	0.011027	0.048375	0.009648	0.008861	0.047308	0.023288	0.009254	0.111009	0.039933	0.026017	0.101607	0.014788	0.031204	0.269223	0.093175	
0.001296	0.000463	0.004022	0.000730	0.010379	0.001020	0.000799	0.004879	0.009552	0.001244	0.000850	0.056268	0.054674	0.001982	0.005747	0.068751	0.001065	0.334168	0.193683	0.248429	
0.001923	0.001351	0.004610	0.004472	0.014614	0.007637	0.008176	0.035523	0.026048	0.019315	0.018330	0.104683	0.020795	0.019376	0.023044	0.032298	0.012521	0.275127	0.118195	0.251961	
0.000637	0.000309	0.001684	0.004138	0.007818	0.001492	0.002058	0.266709	0.040274	0.001793	0.008864	0.039149	0.005871	0.018037	0.033354	0.024785	0.029373	0.061233	0.193942	0.258481	
0.001473	0.000782	0.004418	0.037641	0.023387	0.001613	0.007962	0.082070	0.114096	0.005039	0.017694	0.058153	0.007977	0.018148	0.021244	0.027868	0.034268	0.053284	0.267048	0.215836	
0.302442	0.082241	0.016156	0.000332	0.000894	0.058695	0.012837	0.002522	0.001262	0.003850	0.000304	0.005857	0.006452	0.000381	0.000308	0.003550	0.000122	0.058800	0.286593	0.156403	
0.000551	0.000113	0.000615	0.000741	0.003027	0.002370	0.004068	0.027474	0.056680	0.000374	0.000398	0.100097	0.002120	0.000661	0.000955	0.002886	0.000434	0.186712	0.194070	0.415653	
0.000390	0.000136	0.000670	0.000443	0.000864	0.000735	0.000867	0.054253	0.010815	0.000626	0.000953	0.015903	0.001897	0.002127	0.002085	0.002514	0.001415	0.055912	0.372515	0.474881	
0.000117	0.000037	0.000129	0.000792	0.001622	0.000093	0.000467	0.006867	0.002534	0.000247	0.001389	0.002411	0.001360	0.001772	0.004728	0.005047	0.003886	0.015875	0.596392	0.354236	
0.000127	0.000033	0.000105	0.000077	0.000175	0.000041	0.000071	0.002748	0.000491	0.000090	0.000151	0.001144	0.000429	0.000287	0.000274	0.000475	0.000254	0.012666	0.632408	0.347954	
0.000112	0.000051	0.000050	0.000096	0.000140	0.000091	0.000162	0.001361	0.000645	0.000147	0.000156	0.001314	0.000220	0.000166	0.000169	0.000284	0.000148	0.016275	0.642372	0.336042	
0.000112	0.000047	0.000115	0.000109	0.000146	0.000049	0.000058	0.002152	0.000702	0.000181	0.000190	0.002122	0.000357	0.000257	0.000166	0.000334	0.000168	0.020713	0.619305	0.352715	
0.000414	0.000127	0.000163	0.000204	0.000252	0.000123	0.000284	0.004922	0.000935	0.000293	0.000412	0.002363	0.000371	0.000430	0.000313	0.000706	0.000354	0.024394	0.634650	0.328290	
0.000179	0.000055	0.000236	0.000413	0.001801	0.000246	0.000576	0.015626	0.005544	0.000243	0.000478	0.018144	0.001093	0.000477	0.001342	0.003448	0.000682	0.111787	0.356042	0.481589	
0.000586	0.000121	0.001786	0.000710	0.001603	0.000517	0.000609	0.079398	0.030503	0.001043	0.001741	0.116484	0.003117	0.002952	0.002134	0.005540	0.001903	0.281828	0.132604	0.334819	
0.003076	0.000961	0.001497	0.004418	0.013847	0.017047	0.078175	0.044306	0.048731	0.001745	0.001620	0.173785	0.005655	0.001539	0.004245	0.013385	0.001455	0.260321	0.095700	0.228493	
0.000277	0.000290	0.005053	0.039858	0.020922	0.000287	0.002848	0.025133	0.022821	0.005779	0.020026	0.016153	0.074339	0.067640	0.130121	0.201791	0.069272	0.026555	0.179895	0.090941	
0.001926	0.001322	0.010174	0.001488	0.024982	0.000963	0.001720	0.002859	0.004200	0.002054	0.001008	0.013321	0.189762	0.004094	0.021882	0.356659	0.002086	0.062418	0.178073	0.119009	
0.006653	0.001332	0.003322	0.001569	0.003506	0.005577	0.005525	0.009187	0.007346	0.002971	0.002061	0.024147	0.007778	0.002325	0.002628	0.010666	0.001628	0.199366	0.374974	0.327441	
0.000797	0.000173	0.000828	0.001848	0.004082	0.003278	0.004982	0.078527	0.043505	0.002042	0.004086	0.136387	0.001793	0.003265	0.003964	0.005114	0.003526	0.405547	0.076985	0.219268	
0.000319	0.000067	0.001261	0.004584	0.005278	0.000889	0.004594	0.090718	0.187340	0.000723	0.001593	0.362614	0.005127	0.003368	0.004523	0.024374	0.002705	0.161117	0.040508	0.098300	
0.064326	0.083875	0.023241	0.000700	0.002272	0.664710	0.064612	0.002794	0.003789	0.007478	0.000364	0.015512	0.014386	0.001718	0.000994	0.004711	0.000239	0.021772	0.010614	0.011895	
0.001327	0.001332	0.007162	0.015531	0.060307	0.003588	0.013844	0.037899	0.033629	0.017405	0.030772	0.085214	0.077435	0.057835	0.133394	0.143471	0.049034	0.093875	0.052535	0.084411	
0.000252	0.000448	0.002834	0.006756	0.062821	0.001444	0.004442	0.004998	0.004818	0.005817	0.014322	0.006985	0.107118	0.051083	0.280817	0.340637	0.044547	0.011846	0.023547	0.024466	
0.003296	0.001349	0.015305	0.001157	0.003554	0.003086	0.001383	0.248413	0.041379	0.008307	0.005336	0.085794	0.020864	0.016371	0.004990	0.010339	0.004148	0.116717	0.123232	0.284982	
0.001889	0.005629	0.002866	0.008035	0.003172	0.003244	0.008276	0.004759	0.005453	0.436019	0.316254	0.010697	0.016218	0.066974	0.015813	0.014670	0.023290	0.022152	0.013325	0.021264	
0.003230	0.004236	0.008439	0.020119	0.003952	0.000767	0.002495	0.009443	0.005458	0.183482	0.350026	0.007464	0.030140	0.146526	0.031163	0.031307	0.102013	0.012175	0.023961	0.023602	
0.001058	0.001641	0.004206	0.021978	0.014725	0.001410	0.006899	0.009889	0.006183	0.105434	0.284393	0.007360	0.023274	0.149260	0.099245	0.031347	0.181144	0.011418	0.017297	0.021838	
0.001107	0.002051	0.005099	0.016111	0.030376	0.001195	0.004678	0.007601	0.003695	0.040610	0.109076	0.004012	0.040643	0.123009	0.254644	0.099017	0.215683	0.005697	0.020586	0.015109	
0.000505	0.000262	0.003656	0.023759	0.022375	0.000613	0.001863	0.117428	0.035543	0.014141	0.102289	0.028617	0.010589	0.105120	0.082698	0.018562	0.239429	0.033922	0.065288	0.093342	
0.004603	0.006136	0.017464	0.011890	0.014256	0.003551	0.008555	0.021762	0.010670	0.190734	0.152664	0.020932	0.067233	0.155196	0.072979	0.054300	0.078128	0.042731	0.027337	0.038879	
0.001971	0.003748	0.010884	0.028620	0.016969	0.003502	0.008401	0.020204	0.019429	0.162402	0.196020	0.035825	0.052833	0.132173	0.065916	0.041638	0.089399	0.044666	0.025959	0.039442	
0.000944	0.000746	0.007468	0.038947	0.032238	0.000990	0.003792	0.048198	0.028676	0.016485	0.095829	0.021028	0.029171	0.101177	0.153388	0.055895	0.244915	0.024141	0.042841	0.053129	
0.010395	0.006484	0.012731	0.018214	0.034648	0.005009	0.054143	0.009555	0.016156	0.013270	0.013234	0.018798	0.090938	0.015032	0.050856	0.509893	0.015822	0.022789	0.046870	0.035164	
0.084759	0.093756	0.046633	0.002658	0.005499	0.382102	0.047552	0.010469	0.014147	0.039588	0.005423	0.041030	0.037020	0.010123	0.003876	0.016348	0.002082	0.065171	0.042669	0.049095	
0.010355	0.004363	0.014733	0.003538	0.011491	0.012487	0.015569	0.101150	0.040456	0.020560	0.014431	0.089261	0.054724	0.032749	0.021173	0.054672	0.009380	0.172793	0.120268	0.195846	
0.001307	0.000902	0.007572	0.008779	0.008579	0.001981	0.003740	0.180435	0.079896	0.024557	0.052441	0.088626	0.028259	0.088563	0.055386	0.064471	0.056827	0.087256	0.053764	0.106658	
0.065865	0.140253	0.058394	0.011226	0.011819	0.058823	0.027272	0.011880	0.011924	0.232490	0.039297	0.024179	0.071498	0.045163	0.015360	0.032547	0.012925	0.041043	0.046980	0.041062	
0.001777	0.001250	0.008957	0.012814	0.017473	0.001582	0.003949	0.056610	0.043429	0.033963	0.082847	0.043768	0.056100	0.137192	0.111175	0.083739	0.120453	0.062456	0.047954	0.072513	
0.004184	0.005008	0.013650	0.021164	0.020685	0.011431	0.018640	0.037311	0.028801	0.101704	0.100965	0.059984	0.046163	0.133471	0.073528	0.041945	0.078664	0.090407	0.041609	0.070685	
0.001325	0.001555	0.007848	0.027900	0.036856	0.002571	0.009419	0.032618	0.024819	0.025386	0.075887	0.030659	0.067039	0.130739	0.173458	0.100705	0.152655	0.025796	0.033402	0.039364	
0.000535	0.001338	0.006974	0.085633	0.027355	0.000149	0.004672	0.000919	0.001116	0.023145	0.039238	0.000894	0.168881	0.041589	0.149343	0.362527	0.058536	0.002431	0.017863	0.006861	
0.001386	0.000385	0.005757	0.001203	0.026365	0.001561	0.001529	0.003059	0.016618	0.001152	0.000651	0.126160	0.082584	0.001589	0.006914	0.123849	0.000921	0.370510	0.098359	0.129447	
0.001963	0.001079	0.004115	0.024771	0.039835	0.044402	0.149572	0.028178	0.226889	0.009066	0.007944	0.254615	0.011421	0.008659	0.013123	0.016839	0.007480	0.096311	0.016515	0.037226	
0.002080	0.002411	0.023047	0.007403	0.013613	0.004026	0.009722	0.027255	0.017222	0.039487	0.034718	0.023872	0.214019	0.111518	0.088788	0.258658	0.032959	0.036911	0.021263	0.031027	
0.002663	0.002415	0.010067	0.013191	0.017176	0.004197	0.005876	0.067013	0.047772	0.089508	0.124232	0.066937	0.028680	0.152384	0.064807	0.035348	0.096552	0.064791	0.044287	0.062105	
0.001524	0.002647	0.010218	0.015009	0.026410	0.003394	0.008084	0.023002	0.020916	0.045311	0.079929	0.020535	0.067728	0.175760	0.190360	0.094171	0.149721	0.017836	0.022369	0.025077	
0.001345	0.002485	0.026359	0.008509	0.007823	0.001376	0.001405	0.027144	0.016868	0.099430	0.121545	0.013116	0.073830	0.340820	0.066383	0.039438	0.101945	0.015128	0.016154	0.018899	
0.038112	0.019753	0.286648	0.015589	0.019566	0.008189	0.017946	0.012345	0.028230	0.080954	0.018842	0.028037	0.195264	0.046374	0.025029	0.042890	0.019629	0.029299	0.035655	0.031649	
0.004810	0.001032	0.003437	0.004639	0.007345	0.012840	0.024147	0.025279	0.063508	0.008700	0.007561	0.134468	0.008901	0.005774	0.004953	0.013004	0.003980	0.437934	0.071737	0.155953	
0.003539	0.000937	0.005206	0.002908	0.003006	0.008133	0.016128	0.036085	0.114686	0.005416	0.002104	0.401735	0.013795	0.005367	0.002648	0.020292	0.001352	0.257452	0.034077	0.065135	
0.027039	0.054705	0.013058	0.001575	0.003070	0.740294	0.062784	0.003295	0.010352	0.008781	0.000548	0.025848	0.010300	0.001964	0.001008	0.003853	0.000364	0.016392	0.006533	0.008236	
0.001123	0.000879	0.010806	0.007816	0.025553	0.001080	0.006440	0.011771	0.008935	0.016320	0.022575	0.020129	0.205422	0.080507	0.190156	0.290265	0.043635	0.026994	0.011759	0.017835	
0.000475	0.000651	0.003719	0.011048	0.072796	0.002909	0.018208	0.008779	0.015288	0.004406	0.007210	0.032938	0.125597	0.015699	0.127443	0.486676	0.017554	0.021291	0.009894	0.017417	
0.000249	0.000369	0.004059	0.029624	0.021638	0.000319	0.002357	0.010469	0.006357	0.020789	0.099964	0.004055	0.050777	0.134437	0.224439	0.132504	0.234192	0.004386	0.010433	0.008583	
0.000545	0.001292	0.007094	0.001895	0.031483	0.001463	0.003090	0.002133	0.002072	0.005365	0.003046	0.006642	0.293426	0.017397	0.089946	0.501997	0.008056	0.006714	0.008404	0.007941	
0.000535	0.000861	0.003947	0.017471	0.009858	0.000708	0.001483	0.021316	0.004172	0.052466	0.216154	0.004817	0.018855	0.167842	0.108417	0.039741	0.263476	0.009956	0.031494	0.026431	
0.000140	0.000196	0.001550	0.002946	0.039566	0.000321	0.001252	0.005687	0.001672	0.004159	0.018898	0.004507	0.063454	0.045457	0.358240	0.327825	0.084494	0.009346	0.013641	0.016651	
0.001150	0.001056	0.014591	0.011014	0.020090	0.002091	0.002468	0.132217	0.027386	0.015140	0.040993	0.035439	0.048277	0.148887	0.138464	0.065422	0.143134	0.027558	0.051019	0.073603	
0.012269	0.018033	0.027899	0.021902	0.025936	0.014334	0.024547	0.021232	0.018845	0.140502	0.077001	0.024802	0.103321	0.117363	0.056011	0.088824	0.044323	0.041199	0.068033	0.053626	
0.004087	0.004017	0.051716	0.013073	0.007623	0.001097	0.002194	0.020155	0.017172	0.066318	0.039795	0.028838	0.248514	0.120450	0.040503	0.091081	0.027518	0.054125	0.085168	0.076558	
0.002164	0.001419	0.005987	0.005271	0.026132	0.004330	0.008674	0.007038	0.025041	0.008467	0.006055	0.088318	0.077974	0.007313	0.021406	0.138044	0.004939	0.260675	0.128844	0.171909	
0.003730	0.002789	0.009284	0.006569	0.012968	0.012545	0.016780	0.020600	0.044541	0.033750	0.020737	0.145155	0.074328	0.028060	0.023595	0.088485	0.009908	0.254869	0.069433	0.121877	
0.002689	0.002116	0.008762	0.017100	0.029295	0.007694	0.013706	0.059368	0.053737	0.023422	0.040569	0.094050	0.053553	0.062819	0.070194	0.085136	0.045962	0.115499	0.086476	0.127853	
0.002437	0.002574	0.024094	0.046309	0.029493	0.004391	0.015248	0.066497	0.127572	0.039602	0.054684	0.069822	0.054817	0.114765	0.087065	0.060661	0.098991	0.034543	0.029260	0.037174	
0.004896	0.002334	0.008060	0.044473	0.038496	0.006221	0.098225	0.020009	0.089446	0.015704	0.029175	0.077595	0.052933	0.024733	0.050356	0.265100	0.031272	0.053893	0.039762	0.047316	
0.127654	0.099250	0.040611	0.001240	0.003958	0.422095	0.060303	0.007387	0.010616	0.020084	0.001539	0.034037	0.034371	0.004744	0.002389	0.013833	0.000716	0.052818	0.029717	0.032638	
0.002124	0.001373	0.009735	0.007558	0.015594	0.006812	0.010534	0.112020	0.138272	0.011319	0.012011	0.158855	0.047071	0.038311	0.024374	0.041108	0.014005	0.116939	0.084429	0.147557	
0.001325	0.001562	0.007537	0.006616	0.015063	0.001923	0.004280	0.018382	0.008725	0.064005	0.096747	0.015327	0.092828	0.141062	0.140676	0.135700	0.081185	0.044808	0.053002	0.069247	
0.001815	0.001514	0.007870	0.009181	0.017483	0.002208	0.006567	0.073293	0.023261	0.030539	0.067827	0.032857	0.053554	0.112574	0.109653	0.089584	0.104447	0.043604	0.088209	0.123960	
0.000368	0.000356	0.001484	0.013032	0.009448	0.000555	0.001913	0.027865	0.005610	0.026770	0.196990	0.006881	0.009823	0.126672	0.131825	0.025736	0.306955	0.014312	0.044698	0.048706	
0.000329	0.000291	0.002590	0.028754	0.030218	0.000254	0.001365	0.014610	0.005412	0.010947	0.082058	0.004766	0.015171	0.100558	0.194840	0.032268	0.397973	0.006376	0.042324	0.028897	
0.001136	0.001354	0.012372	0.054684	0.059392	0.001197	0.005193	0.024235	0.020367	0.036760	0.078969	0.017225	0.033126	0.126016	0.151188	0.028347	0.250643	0.017167	0.043318	0.037311	
0.001668	0.002943	0.010517	0.024376	0.053722	0.005017	0.020592	0.015717	0.028604	0.063238	0.072647	0.037628	0.082934	0.101182	0.150574	0.114324	0.093319	0.039972	0.036720	0.044308	
0.002931	0.005768	0.020679	0.022412	0.025226	0.008273	0.014176	0.048597	0.026486	0.062714	0.077871	0.028282	0.072910	0.172310	0.118363	0.058098	0.110128	0.025652	0.046839	0.052285	
0.001840	0.000742	0.005677	0.022136	0.030421	0.000816	0.003839	0.052896	0.013915	0.011047	0.070775	0.013495	0.021456	0.061943	0.116436	0.065934	0.164542	0.039961	0.161787	0.140342	
0.047103	0.009924	0.059223	0.015214	0.041439	0.016761	0.038055	0.052819	0.045224	0.021628	0.012144	0.081649	0.053914	0.020889	0.028995	0.055277	0.019495	0.116741	0.124152	0.139355	
0.003837	0.001920	0.006313	0.010109	0.011004	0.020165	0.024372	0.093497	0.138360	0.014436	0.011039	0.202562	0.012019	0.016116	0.008944	0.011671	0.007908	0.180776	0.078129	0.146823	
0.002522	0.001800	0.016858	0.015847	0.023087	0.004434	0.014827	0.082712	0.098494	0.022762	0.030561	0.085532	0.072458	0.089299	0.082459	0.082922	0.051608	0.062586	0.067865	0.091366	
0.008595	0.011268	0.011292	0.010235	0.013259	0.014727	0.036555	0.021034	0.017793	0.092131	0.067275	0.034595	0.112110	0.077186	0.044345	0.140021	0.024043	0.074239	0.082217	0.107082	
0.008743	0.013286	0.015910	0.007748	0.009428	0.009792	0.012701	0.022940	0.018994	0.150717	0.092520	0.035331	0.087849	0.103981	0.039986	0.062532	0.033198	0.068052	0.096790	0.109501	
0.001123	0.001542	0.006925	0.018104	0.016735	0.001714	0.003902	0.031003	0.017877	0.060549	0.146045	0.020781	0.036205	0.145140	0.124123	0.042347	0.176041	0.031094	0.051728	0.067023	
0.001758	0.001696	0.006391	0.022734	0.028047	0.001316	0.007562	0.012226	0.011015	0.046784	0.116073	0.014525	0.054950	0.118418	0.150988	0.096196	0.161894	0.026203	0.064373	0.056851	
0.001269	0.000827	0.003707	0.024696	0.049183	0.001100	0.005433	0.033408	0.014211	0.011962	0.057298	0.017502	0.027356	0.070478	0.169919	0.073339	0.180177	0.033408	0.125382	0.099344	
0.003038	0.003332	0.012196	0.022924	0.034092	0.005859	0.012141	0.048312	0.035549	0.043496	0.066506	0.039273	0.039923	0.133740	0.103819	0.056603	0.121607	0.050706	0.089724	0.077160	
0.003289	0.002674	0.014399	0.017386	0.025874	0.005842	0.014040	0.093910	0.048030	0.052390	0.074762	0.063610	0.044241	0.115884	0.077270	0.048992	0.083855	0.080170	0.055961	0.077420	
0.005380	0.004239	0.016831	0.009023	0.015996	0.008398	0.015352	0.168376	0.046018	0.044901	0.052763	0.079517	0.042585	0.091001	0.057614	0.052114	0.051464	0.094808	0.050426	0.093194	
0.000950	0.000401	0.002314	0.014736	0.016870	0.001504	0.004073	0.175927	0.036319	0.004906	0.025599	0.054870	0.007928	0.033688	0.055890	0.019479	0.078861	0.079813	0.166067	0.219804	
0.000825	0.000856	0.004641	0.025409	0.012520	0.000313	0.002199	0.010476	0.004285	0.011526	0.033116	0.004441	0.061881	0.075159	0.095358	0.103512	0.080380	0.015828	0.330533	0.126740	
0.001222	0.001482	0.006429	0.000764	0.009225	0.000727	0.001050	0.002272	0.001835	0.001245	0.000625	0.005101	0.159793	0.003445	0.013282	0.184824	0.001395	0.026958	0.379803	0.198524	
0.000210	0.000053	0.000096	0.000160	0.000541	0.000205	0.000225	0.002384	0.001161	0.000150	0.000255	0.003391	0.000522	0.000191	0.000497	0.001676	0.000285	0.056628	0.479544	0.451826	
0.000264	0.000068	0.000182	0.000371	0.000547	0.000285	0.000372	0.005334	0.002067	0.000689	0.001217	0.016398	0.000904	0.000693	0.000817	0.001655	0.000669	0.199311	0.273105	0.495050	
0.000191	0.000072	0.000536	0.001183	0.002055	0.000377	0.000664	0.027849	0.027769	0.000460	0.000743	0.141256	0.002703	0.000634	0.000996	0.006235	0.000510	0.295266	0.120701	0.369800	
0.000960	0.000185	0.002868	0.001515	0.004772	0.001437	0.007334	0.044615	0.063319	0.000615	0.000817	0.222169	0.025879	0.002548	0.005957	0.157130	0.001219	0.211036	0.084637	0.160989	
0.016663	0.015506	0.004046	0.001098	0.004952	0.654498	0.217605	0.003109	0.008867	0.001810	0.000232	0.026058	0.004231	0.000537	0.000878	0.003948	0.000192	0.017347	0.007358	0.011065	
0.003670	0.002913	0.049665	0.014668	0.023526	0.004855	0.015944	0.043112	0.059281	0.024287	0.015986	0.054193	0.242331	0.111764	0.067156	0.104692	0.026865	0.041743	0.042231	0.051119	
0.001077	0.001190	0.006898	0.015208	0.075653	0.001835	0.014460	0.012830	0.014913	0.022927	0.039627	0.020762	0.113984	0.064697	0.222397	0.219180	0.068242	0.025490	0.024312	0.034319	
0.000596	0.000761	0.003967	0.014890	0.015742	0.000798	0.002908	0.023574	0.008117	0.030443	0.126765	0.006944	0.029511	0.170074	0.170715	0.067247	0.265864	0.008356	0.028530	0.024198	
0.000873	0.000972	0.006485	0.013718	0.023053	0.000796	0.001810	0.025737	0.005295	0.034197	0.104207	0.008689	0.031712	0.173427	0.183057	0.035659	0.269540	0.012827	0.034099	0.033846	
0.000818	0.001629	0.004830	0.022277	0.029979	0.001308	0.005321	0.009560	0.005836	0.043331	0.093932	0.005510	0.038499	0.189859	0.216436	0.051496	0.229818	0.006159	0.025657	0.017746	
0.000806	0.001192	0.008067	0.018847	0.020272	0.000916	0.002209	0.028288	0.009697	0.068963	0.148360	0.011671	0.025729	0.210665	0.119336	0.015591	0.237918	0.015017	0.025831	0.030623	
0.000545	0.001372	0.005906	0.016770	0.021476	0.001298	0.004374	0.014514	0.013424	0.077220	0.146877	0.010839	0.037106	0.219020	0.155956	0.033001	0.206691	0.008120	0.011065	0.014426	
0.000958	0.001974	0.011709	0.009021	0.005142	0.000696	0.001358	0.019494	0.004961	0.143966	0.181813	0.007007	0.043266	0.290758	0.076686	0.021922	0.142570	0.009831	0.011450	0.015417	
0.000555	0.001183	0.003192	0.013000	0.014182	0.000695	0.002105	0.011289	0.004662	0.067869	0.186025	0.006574	0.019407	0.169277	0.146397	0.034201	0.267757	0.009626	0.021146	0.020860	
0.000041	0.000105	0.001073	0.010468	0.019087	0.000074	0.000421	0.003483	0.001627	0.010010	0.068631	0.001647	0.026941	0.138914	0.346437	0.070948	0.278135	0.002753	0.011072	0.008133	
0.001045	0.001507	0.056242	0.003955	0.006564	0.000269	0.000663	0.001709	0.001439	0.010449	0.005014	0.002864	0.663036	0.040565	0.026191	0.105698	0.008654	0.007556	0.034724	0.021856	
0.003463	0.000574	0.002545	0.001254	0.004717	0.002379	0.003345	0.008811	0.006879	0.003393	0.002501	0.043322	0.010850	0.001280	0.002000	0.015996	0.000969	0.430995	0.170248	0.284479	
0.000980	0.000189	0.001799	0.004102	0.005507	0.005253	0.020750	0.017132	0.225837	0.001104	0.000603	0.587918	0.002381	0.000899	0.001464	0.008789	0.000798	0.089946	0.007235	0.017313	
0.008078	0.016715	0.003519	0.000315	0.000883	0.873232	0.072602	0.001365	0.002655	0.003106	0.000208	0.006051	0.002762	0.000855	0.000455	0.001311	0.000124	0.003210	0.000908	0.001648	
0.001519	0.001959	0.022411	0.002125	0.013773	0.001567	0.003197	0.013761	0.007828	0.013261	0.008585	0.017347	0.379542	0.068702	0.097365	0.285349	0.015168	0.015970	0.012956	0.017613	
0.000502	0.000808	0.004180	0.009155	0.010088	0.000540	0.001923	0.013642	0.004827	0.044774	0.134993	0.005450	0.058627	0.190698	0.176996	0.140527	0.153010	0.009867	0.018824	0.020568	
0.002823	0.003218	0.010779	0.012650	0.031311	0.002329	0.007354	0.036574	0.011928	0.066462	0.122793	0.018992	0.062643	0.124766	0.139941	0.103785	0.126478	0.025554	0.038070	0.051551	
0.000982	0.001954	0.004237	0.019410	0.013261	0.002800	0.003868	0.034343	0.009671	0.061775	0.194643	0.012096	0.022739	0.162355	0.118059	0.033964	0.210648	0.018809	0.030832	0.043553	
0.001923	0.002450	0.008849	0.026315	0.015150	0.001009	0.003644	0.013994	0.006561	0.080336	0.201691	0.007388	0.027920	0.177479	0.106372	0.041580	0.228290	0.010174	0.019700	0.019177	
0.001138	0.001566	0.004431	0.018463	0.071795	0.002573	0.016422	0.017148	0.009143	0.016168	0.052758	0.017121	0.070435	0.049825	0.239138	0.219166	0.092069	0.034320	0.022570	0.043753	
0.001522	0.001670	0.014270	0.077219	0.029603	0.004058	0.008223	0.079633	0.157902	0.024615	0.054347	0.160400	0.029329	0.060985	0.034494	0.025732	0.060425	0.069770	0.034542	0.071262	
0.318633	0.277396	0.104663	0.003925	0.000865	0.010199	0.011184	0.001844	0.000625	0.063091	0.005093	0.001167	0.104073	0.013099	0.002708	0.026671	0.001605	0.004876	0.037906	0.010379	
0.000705	0.000671	0.005519	0.003816	0.057356	0.001670	0.003775	0.004082	0.015965	0.003847	0.003261	0.081656	0.222248	0.007786	0.038554	0.321681	0.004402	0.118600	0.042907	0.061498	
0.003433	0.006597	0.016365	0.014339	0.020780	0.007426	0.013367	0.017848	0.011317	0.108820	0.107296	0.012892	0.069769	0.178840	0.126787	0.100771	0.111043	0.017627	0.028898	0.025783	
0.000468	0.000761	0.003635	0.013356	0.030405	0.000986	0.003244	0.022733	0.007392	0.024041	0.098423	0.008610	0.026499	0.143682	0.255740	0.042489	0.267340	0.010694	0.016751	0.022751	
0.000236	0.000192	0.002029	0.035088	0.050276	0.000430	0.002248	0.029752	0.017054	0.006477	0.071568	0.011010	0.011758	0.078745	0.200817	0.040922	0.347433	0.011580	0.040911	0.041474	
0.006428	0.002767	0.021181	0.011122	0.015765	0.002584	0.007818	0.076152	0.021085	0.019589	0.021171	0.045743	0.083389	0.052019	0.044138	0.084768	0.029147	0.099533	0.165877	0.189723	
0.002324	0.003759	0.002935	0.047978	0.054321	0.021286	0.123190	0.012791	0.045088	0.035955	0.054442	0.075194	0.036050	0.028236	0.059227	0.072006	0.031859	0.095280	0.082419	0.115658	
0.003559	0.003114	0.017140	0.014254	0.029768	0.002828	0.006752	0.014768	0.015687	0.022450	0.033645	0.019925	0.132879	0.071045	0.108919	0.164153	0.059062	0.040642	0.126378	0.113032	
0.004241	0.002236	0.006179	0.012067	0.026318	0.004137	0.014547	0.038438	0.030810	0.018849	0.030905	0.039872	0.027975	0.031492	0.046961	0.053094	0.035280	0.105812	0.201381	0.269404	
0.002969	0.004706	0.005388	0.009239	0.009488	0.008092	0.009156	0.029447	0.027515	0.050775	0.048785	0.057889	0.028035	0.053261	0.030440	0.034357	0.028122	0.139192	0.206409	0.216735	
0.003892	0.001844	0.004906	0.023169	0.022541	0.002685	0.010143	0.033159	0.032875	0.009740	0.023264	0.040974	0.020432	0.021171	0.026949	0.044671	0.026292	0.082049	0.308276	0.260967	
0.008187	0.001531	0.007513	0.001909	0.005193	0.003682	0.004671	0.056200	0.015259	0.005338	0.006467	0.052663	0.017293	0.009999	0.008209	0.027376	0.005697	0.244641	0.207621	0.310550	
0.001645	0.000928	0.003115	0.029247	0.020766	0.011129	0.047563	0.051207	0.176714	0.012995	0.017105	0.285616	0.009785	0.011059	0.012580	0.018039	0.011694	0.158205	0.038800	0.081806	
0.000475	0.000459	0.005469	0.011280	0.028008	0.001166	0.006399	0.019442	0.017655	0.009315	0.031063	0.025397	0.100414	0.064034	0.192294	0.335160	0.076052	0.025225	0.019095	0.031600	
0.001601	0.002640	0.005950	0.019103	0.054917	0.004780	0.017511	0.018745	0.009008	0.020296	0.048949	0.011067	0.050371	0.089126	0.280415	0.141046	0.150369	0.014241	0.030917	0.028950	
0.000413	0.000469	0.003768	0.030490	0.075826	0.001383	0.003978	0.022007	0.023660	0.008110	0.050245	0.013631	0.022544	0.086421	0.248356	0.058143	0.257999	0.014423	0.039262	0.038871	
0.033643	0.022340	0.215045	0.003743	0.005892	0.007611	0.002846	0.055748	0.014316	0.052721	0.013615	0.027118	0.178949	0.081686	0.015358	0.028374	0.012869	0.051148	0.088728	0.088252	
0.006021	0.002768	0.006561	0.020732	0.025882	0.008133	0.034848	0.025517	0.047650	0.039780	0.043417	0.093905	0.027648	0.020483	0.022017	0.044225	0.018245	0.225053	0.119695	0.167418	
0.002586	0.000828	0.010876	0.012235	0.019558	0.004311	0.015263	0.051654	0.128538	0.012229	0.015501	0.224280	0.046446	0.031343	0.033141	0.073473	0.020216	0.146832	0.056412	0.094278	
0.012187	0.013826	0.010853	0.016445	0.023693	0.105317	0.303705	0.023762	0.047251	0.044265	0.025656	0.054168	0.047405	0.034606	0.029925	0.056328	0.013877	0.053495	0.031779	0.051457	
0.003548	0.006420	0.025557	0.008750	0.009800	0.004619	0.006238	0.019164	0.015263	0.119856	0.070388	0.024236	0.156523	0.194840	0.079527	0.082811	0.052596	0.033577	0.042414	0.043873	
0.003139	0.003842	0.008660	0.016913	0.012299	0.002695	0.004921	0.023629	0.014210	0.092828	0.144182	0.015181	0.035377	0.221402	0.087720	0.034676	0.155365	0.021654	0.059085	0.042223	
0.001304	0.002009	0.007589	0.008043	0.019831	0.001299	0.002523	0.014949	0.006631	0.056892	0.113308	0.010900	0.059911	0.181436	0.181858	0.073784	0.164155	0.024528	0.031022	0.038028	
0.001421	0.002931	0.014351	0.025288	0.020208	0.003140	0.005969	0.020166	0.034976	0.164504	0.164983	0.034645	0.041087	0.181951	0.069236	0.028651	0.116786	0.028009	0.017844	0.023854	
0.001844	0.002243	0.011495	0.019219	0.023077	0.004131	0.010798	0.022271	0.036970	0.055712	0.076010	0.052260	0.107817	0.127280	0.097096	0.100328	0.072847	0.066270	0.045571	0.066759	
0.001304	0.000594	0.006461	0.014685	0.041561	0.001700	0.004869	0.060918	0.046490	0.006752	0.020819	0.082057	0.043995	0.026405	0.059300	0.080925	0.038095	0.122719	0.129682	0.210668	
0.010479	0.011995	0.053557	0.072287	0.039883	0.008043	0.028918	0.019966	0.056283	0.092055	0.061529	0.047233	0.090637	0.059964	0.060946	0.082448	0.055786	0.044360	0.050459	0.053174	
0.006655	0.002911	0.005190	0.010448	0.016601	0.008900	0.058210	0.014794	0.046443	0.009622	0.010850	0.082772	0.065617	0.013510	0.023482	0.272742	0.008063	0.116473	0.109181	0.117534	
0.094898	0.074075	0.035647	0.003122	0.005939	0.359957	0.086629	0.016456	0.024885	0.018815	0.002477	0.060977	0.025622	0.005692	0.003168	0.014306	0.001391	0.058617	0.049511	0.057816	
0.004049	0.003383	0.010319	0.008020	0.018988	0.007236	0.015285	0.062345	0.040896	0.023630	0.029155	0.062758	0.083694	0.065541	0.066527	0.119442	0.029039	0.103088	0.098247	0.148358	
0.002588	0.002960	0.009441	0.017404	0.027892	0.005357	0.016638	0.040275	0.061474	0.030776	0.034161	0.082054	0.078271	0.069698	0.072711	0.122749	0.037940	0.084625	0.094999	0.107987	
0.006388	0.003885	0.009404	0.018644	0.019487	0.006404	0.025996	0.040533	0.031657	0.040859	0.072129	0.045257	0.050843	0.071534	0.059178	0.099630	0.058206	0.090036	0.120573	0.129357	
0.003892	0.003332	0.008924	0.012301	0.040871	0.011482	0.031256	0.037623	0.028911	0.024339	0.034704	0.058357	0.088696	0.063285	0.114541	0.162585	0.044541	0.081799	0.060281	0.088281	
0.001289	0.001048	0.006830	0.014180	0.016546	0.001944	0.002705	0.171158	0.035438	0.015967	0.062301	0.040203	0.019605	0.112532	0.096986	0.037727	0.160801	0.042197	0.069521	0.091023	
0.000596	0.001125	0.008268	0.010517	0.033705	0.000860	0.001879	0.023514	0.017877	0.037186	0.094017	0.015317	0.069323	0.206242	0.156883	0.101347	0.149392	0.015448	0.028283	0.028223	
0.001774	0.006603	0.079131	0.002206	0.002069	0.000704	0.000563	0.004977	0.002277	0.111328	0.025906	0.003198	0.361939	0.244176	0.030817	0.035547	0.020341	0.006437	0.038062	0.021946	
0.000612	0.000111	0.000177	0.000240	0.000635	0.000350	0.000575	0.001887	0.001589	0.000311	0.000415	0.004267	0.001196	0.000310	0.000559	0.002598	0.000342	0.050374	0.573129	0.360323	
0.000403	0.000095	0.000264	0.000147	0.000403	0.000440	0.000285	0.003669	0.001820	0.000242	0.000226	0.009165	0.001044	0.000297	0.000434	0.001226	0.000206	0.088198	0.396763	0.494674	
0.000334	0.000100	0.000114	0.000764	0.000852	0.000431	0.000969	0.005744	0.006022	0.000151	0.000224	0.016223	0.000325	0.000110	0.000281	0.001084	0.000189	0.089256	0.383693	0.493136	
0.000415	0.000077	0.000308	0.000442	0.001316	0.000987	0.001393	0.011185	0.015760	0.000206	0.000287	0.047844	0.001281	0.000399	0.000902	0.003924	0.000387	0.202198	0.276537	0.434151	
0.001154	0.000184	0.000623	0.001086	0.001996	0.001228	0.004889	0.019449	0.007298	0.000531	0.000969	0.039017	0.003926	0.001147	0.001905	0.014668	0.000782	0.188747	0.279906	0.430495	
0.001246	0.000378	0.001355	0.000493	0.004205	0.004655	0.003853	0.059308	0.020871	0.000275	0.000237	0.116395	0.004867	0.000496	0.001463	0.010841	0.000290	0.259261	0.154283	0.355229	
0.000201	0.000248	0.002007	0.452977	0.104244	0.000160	0.011746	0.005902	0.040533	0.005274	0.024849	0.007891	0.009149	0.012820	0.099291	0.052030	0.087220	0.006375	0.052302	0.024781	
0.001477	0.000225	0.001608	0.000228	0.003792	0.001055	0.000955	0.002478	0.008766	0.000386	0.000188	0.040301	0.011567	0.000412	0.000893	0.013469	0.000180	0.359827	0.219789	0.332405	
0.001464	0.000423	0.001391	0.000235	0.000609	0.001541	0.000863	0.012007	0.005156	0.002415	0.000948	0.035752	0.004107	0.001870	0.000944	0.003953	0.000459	0.295356	0.268263	0.362244	
0.000173	0.000053	0.000168	0.000343	0.000892	0.001218	0.000466	0.059106	0.038986	0.000102	0.000146	0.093402	0.000360	0.000359	0.000533	0.000920	0.000326	0.174382	0.217029	0.411035	
0.000175	0.000037	0.000250	0.000413	0.000956	0.000144	0.000308	0.004130	0.003495	0.000340	0.000517	0.014571	0.002390	0.000756	0.001008	0.004606	0.000457	0.146179	0.438190	0.381078	
0.001408	0.000331	0.000677	0.000219	0.001377	0.002187	0.002080	0.007985	0.004316	0.000712	0.000434	0.040663	0.003459	0.000544	0.000792	0.005719	0.000225	0.291139	0.225018	0.410715	
0.000264	0.000137	0.000972	0.002301	0.004514	0.001541	0.002680	0.100852	0.070206	0.001010	0.001610	0.136281	0.003865	0.002744	0.003967	0.008883	0.002206	0.132390	0.193162	0.330415	
0.000254	0.000151	0.003187	0.011789	0.023197	0.000319	0.001657	0.026818	0.011573	0.007724	0.042466	0.011237	0.034009	0.074808	0.139755	0.093310	0.120980	0.027898	0.219649	0.149219	
0.001562	0.000326	0.002473	0.001707	0.012550	0.000969	0.002920	0.084851	0.012918	0.001265	0.002685	0.027607	0.008669	0.005668	0.016051	0.019437	0.008822	0.066498	0.326269	0.396755	
0.000487	0.000547	0.001472	0.017073	0.012476	0.001067	0.003980	0.048046	0.017525	0.027544	0.126665	0.019611	0.006817	0.072682	0.073828	0.017389	0.154655	0.045330	0.182529	0.170280	
0.001621	0.001793	0.006790	0.026298	0.021511	0.001119	0.003086	0.019895	0.007822	0.037453	0.093042	0.012199	0.024204	0.128353	0.117800	0.024909	0.231403	0.022629	0.131376	0.086698	
0.000732	0.001075	0.003713	0.021579	0.048473	0.001568	0.007369	0.019723	0.010806	0.015270	0.062654	0.013040	0.037776	0.092174	0.234558	0.081312	0.191464	0.022792	0.065421	0.068500	
0.003170	0.004686	0.017891	0.042198	0.048223	0.005228	0.017274	0.034520	0.047126	0.071123	0.089344	0.045078	0.042510	0.121617	0.097690	0.037662	0.120815	0.037187	0.055236	0.061422	
0.011241	0.009799	0.023566	0.018438	0.024689	0.014431	0.033774	0.053724	0.055319	0.036532	0.035417	0.052980	0.090301	0.073426	0.061265	0.094349	0.039408	0.058159	0.101878	0.111304	
0.008593	0.008256	0.022713	0.015154	0.013600	0.004928	0.018050	0.019563	0.013824	0.100023	0.086067	0.020071	0.115210	0.087264	0.056665	0.107959	0.037718	0.066118	0.092355	0.105870	
0.002246	0.000872	0.005247	0.006428	0.021530	0.001774	0.004116	0.028605	0.033407	0.006595	0.011017	0.076035	0.039285	0.014545	0.035505	0.110838	0.015799	0.191289	0.179253	0.215611	
0.005055	0.002326	0.011674	0.013558	0.022195	0.015479	0.023100	0.034850	0.113853	0.013320	0.010692	0.178128	0.033633	0.018951	0.018751	0.034882	0.012112	0.188065	0.099625	0.149751	
0.014266	0.004519	0.013759	0.009740	0.010953	0.012599	0.035285	0.034256	0.036166	0.019483	0.014245	0.082353	0.055015	0.019093	0.015814	0.082562	0.007871	0.244494	0.120320	0.167209	
0.003767	0.002418	0.008204	0.024879	0.046057	0.016403	0.043666	0.030292	0.149416	0.019357	0.012138	0.275610	0.021907	0.012643	0.019156	0.029988	0.011505	0.170291	0.036076	0.066226	
0.001169	0.001165	0.006888	0.017576	0.036001	0.008848	0.023878	0.038803	0.143928	0.014843	0.020927	0.117393	0.073821	0.067682	0.081632	0.130637	0.034860	0.076526	0.040771	0.062652	
0.010173	0.006291	0.022594	0.006425	0.016862	0.010491	0.013830	0.066162	0.039235	0.031346	0.019601	0.084812	0.088766	0.044408	0.029774	0.073147	0.014939	0.148280	0.110623	0.162241	
0.002915	0.005261	0.009598	0.009878	0.009155	0.006642	0.011680	0.018572	0.021316	0.193728	0.161218	0.036323	0.063896	0.151625	0.054443	0.066698	0.052757	0.055535	0.027115	0.041645	
0.001410	0.002367	0.010117	0.011564	0.009986	0.001633	0.003086	0.029708	0.017762	0.121911	0.160750	0.025446	0.051821	0.243344	0.082966	0.038375	0.116789	0.024633	0.019737	0.026596	
0.000881	0.001349	0.005387	0.012182	0.013824	0.001878	0.003403	0.021080	0.009694	0.047194	0.125586	0.008707	0.023940	0.213727	0.166763	0.031276	0.267928	0.010115	0.016092	0.018995	
0.001067	0.002472	0.010717	0.014179	0.018368	0.001238	0.003013	0.008720	0.008476	0.105908	0.163762	0.007159	0.043629	0.251515	0.121262	0.034799	0.183223	0.006251	0.006757	0.007487	
0.001487	0.004876	0.034586	0.017885	0.012106	0.001098	0.003670	0.003685	0.007327	0.160274	0.090885	0.006160	0.203253	0.187860	0.086039	0.094377	0.067536	0.005795	0.005670	0.005433	
0.002516	0.001563	0.017890	0.004473	0.012395	0.002427	0.002118	0.013492	0.036082	0.020434	0.010283	0.119993	0.142270	0.021062	0.015210	0.080659	0.006487	0.269707	0.088169	0.132770	
0.003157	0.001471	0.010809	0.007239	0.019842	0.004866	0.007082	0.026661	0.073685	0.012285	0.007289	0.233102	0.042740	0.011115	0.012426	0.038901	0.005731	0.254548	0.084658	0.142391	
0.002957	0.003967	0.010793	0.053512	0.012099	0.003389	0.016015	0.010786	0.019265	0.035643	0.029730	0.025789	0.131744	0.046609	0.050624	0.186964	0.023988	0.061266	0.164943	0.109916	
0.001971	0.000889	0.004583	0.001839	0.018443	0.002510	0.003222	0.004572	0.012503	0.002670	0.001785	0.076783	0.087103	0.003041	0.011158	0.155055	0.001811	0.285870	0.139179	0.185014	
0.004097	0.001942	0.005076	0.006254	0.015279	0.016663	0.022473	0.039500	0.065366	0.009698	0.009323	0.166703	0.031637	0.014611	0.019764	0.070084	0.008681	0.234384	0.094056	0.164407	
0.003121	0.001902	0.009824	0.019038	0.029173	0.006664	0.024097	0.072041	0.060720	0.019603	0.036527	0.089192	0.054109	0.067782	0.083865	0.101805	0.051057	0.095025	0.064660	0.109796	
0.003444	0.003391	0.010892	0.023393	0.032955	0.005003	0.020878	0.045996	0.058335	0.023526	0.034058	0.061448	0.086091	0.073244	0.089468	0.193540	0.050854	0.058294	0.059048	0.066141	
0.002845	0.002915	0.010853	0.037279	0.037475	0.005735	0.027306	0.034578	0.099421	0.022592	0.037040	0.097843	0.072512	0.061254	0.067648	0.151642	0.044745	0.067850	0.052465	0.066001	
0.145060	0.175981	0.068632	0.001574	0.004928	0.136332	0.044852	0.006939	0.010576	0.019388	0.001547	0.027381	0.128474	0.006936	0.005135	0.106503	0.000929	0.042728	0.035572	0.030535	
