0.025676	0.034609	0.044604	0.030107	0.045956	0.038973	0.048589	0.041054	0.058790	0.058319	0.039918	0.055059	0.085333	0.052013	0.053778	0.090623	0.036186	0.051287	0.051943	0.057181	
0.007684	0.006248	0.024150	0.023054	0.042747	0.007837	0.014463	0.030487	0.058515	0.049290	0.050680	0.060557	0.070111	0.057245	0.063661	0.078213	0.053025	0.111160	0.078771	0.112102	
0.020209	0.009362	0.029758	0.012472	0.012246	0.019168	0.024792	0.035866	0.088750	0.032290	0.013954	0.122627	0.050377	0.026386	0.012676	0.031029	0.010142	0.183092	0.106659	0.158146	
0.005578	0.002452	0.006851	0.009259	0.010163	0.019956	0.034051	0.029627	0.091342	0.009519	0.004643	0.214241	0.021599	0.007069	0.006718	0.016571	0.003694	0.250888	0.087807	0.167972	
0.000735	0.000970	0.003788	0.267014	0.018860	0.001721	0.047510	0.009697	0.053666	0.023835	0.040793	0.036595	0.055540	0.053926	0.063962	0.102073	0.049248	0.031873	0.080228	0.057967	
0.000592	0.000224	0.003718	0.000832	0.021800	0.001620	0.002858	0.004227	0.009569	0.001140	0.000871	0.066015	0.207069	0.002943	0.019487	0.328965	0.001284	0.150675	0.061715	0.114395	
0.000691	0.000636	0.002317	0.014732	0.018470	0.001991	0.011510	0.015912	0.009537	0.035056	0.126148	0.014114	0.038959	0.110703	0.159067	0.138770	0.136789	0.041610	0.049468	0.073520	
0.000661	0.000672	0.006235	0.007059	0.025532	0.001435	0.002658	0.027517	0.011818	0.013479	0.031471	0.039962	0.105302	0.082305	0.196214	0.169941	0.070409	0.065007	0.052625	0.089698	
0.000944	0.000867	0.009054	0.016806	0.054231	0.001467	0.003976	0.019101	0.014618	0.012360	0.028185	0.024916	0.105098	0.058087	0.183626	0.234047	0.076757	0.037541	0.052144	0.066173	
0.002800	0.001220	0.014585	0.007732	0.041509	0.003076	0.006756	0.033020	0.028477	0.014161	0.018294	0.084931	0.114381	0.034495	0.066597	0.126786	0.026136	0.127921	0.096613	0.150510	
0.002143	0.002852	0.003324	0.349507	0.034633	0.001314	0.096887	0.002685	0.009728	0.023514	0.047836	0.003883	0.035723	0.018144	0.077790	0.134584	0.058255	0.006798	0.064583	0.025819	
0.001652	0.000247	0.003744	0.000709	0.026163	0.002832	0.002862	0.003359	0.015702	0.000413	0.000232	0.082886	0.039177	0.000473	0.005188	0.050836	0.000498	0.340501	0.156603	0.265923	
0.000678	0.000270	0.001515	0.010244	0.008827	0.002582	0.007177	0.034794	0.079960	0.003185	0.005696	0.071164	0.004784	0.006135	0.007419	0.008365	0.008120	0.137744	0.263578	0.337763	
0.003887	0.001171	0.007004	0.001133	0.001211	0.002119	0.003227	0.012908	0.009466	0.003940	0.001280	0.027229	0.022974	0.004245	0.002225	0.010433	0.000935	0.163983	0.358583	0.362047	
0.000588	0.000213	0.000482	0.000396	0.001243	0.001413	0.001402	0.005523	0.004857	0.000674	0.000372	0.029565	0.003945	0.000522	0.001128	0.005530	0.000305	0.167278	0.381129	0.393434	
0.000220	0.000120	0.000947	0.001407	0.004878	0.001959	0.002039	0.018723	0.063929	0.000315	0.000383	0.067112	0.004584	0.001308	0.002221	0.004957	0.000934	0.095985	0.280880	0.447099	
0.002286	0.000600	0.000816	0.000157	0.000427	0.000462	0.000722	0.001901	0.001146	0.000633	0.000246	0.003084	0.002990	0.000240	0.000435	0.003802	0.000143	0.051797	0.643976	0.284137	
0.000486	0.000123	0.000187	0.000187	0.000395	0.002186	0.001551	0.004255	0.008222	0.000283	0.000125	0.017460	0.000332	0.000133	0.000165	0.000356	0.000118	0.128025	0.373128	0.462282	
0.000075	0.000016	0.000127	0.000056	0.000246	0.000202	0.000180	0.014159	0.005710	0.000046	0.000039	0.014885	0.000422	0.000090	0.000153	0.000458	0.000062	0.086906	0.303877	0.572292	
0.000073	0.000025	0.000116	0.000151	0.000250	0.000269	0.000208	0.037921	0.007326	0.000108	0.000164	0.012247	0.000248	0.000319	0.000291	0.000346	0.000263	0.058420	0.387637	0.493619	
0.000240	0.000057	0.000226	0.000380	0.000602	0.000335	0.000361	0.023288	0.004427	0.000123	0.000282	0.009844	0.000502	0.000583	0.000846	0.000999	0.000700	0.053410	0.517621	0.385175	
0.000574	0.000123	0.000270	0.000555	0.000932	0.000560	0.000894	0.009500	0.003975	0.000429	0.000666	0.016437	0.001004	0.000578	0.000990	0.002516	0.000713	0.139564	0.424073	0.395647	
0.001442	0.000395	0.002147	0.001049	0.002565	0.002205	0.002540	0.027158	0.023803	0.001651	0.001089	0.140801	0.005666	0.001380	0.001542	0.006203	0.000757	0.398810	0.113290	0.265506	
0.000646	0.000363	0.003284	0.010927	0.018350	0.005859	0.017743	0.088407	0.173945	0.002992	0.003620	0.311500	0.010023	0.004068	0.005794	0.010439	0.003563	0.178776	0.032724	0.116978	
0.002631	0.003138	0.011110	0.060791	0.015956	0.002033	0.023268	0.011161	0.007368	0.025191	0.043174	0.007394	0.130390	0.089584	0.132048	0.206644	0.070551	0.020799	0.087508	0.049260	
0.001492	0.000585	0.005614	0.002481	0.078759	0.005084	0.006517	0.011390	0.026897	0.000841	0.000846	0.105532	0.122799	0.003154	0.035027	0.244902	0.002714	0.169388	0.066432	0.109548	
0.003972	0.003985	0.022013	0.016916	0.015016	0.011767	0.010049	0.085866	0.064529	0.052854	0.061770	0.096932	0.054651	0.104365	0.048332	0.044645	0.054467	0.094981	0.055376	0.097514	
0.010680	0.026310	0.010107	0.142739	0.013890	0.003471	0.092932	0.002112	0.002706	0.113928	0.068025	0.002707	0.129069	0.043627	0.044461	0.194673	0.023914	0.007025	0.051131	0.016494	
0.000944	0.000275	0.008829	0.001536	0.045667	0.001083	0.001580	0.005204	0.018347	0.001477	0.001499	0.076803	0.229202	0.003982	0.028423	0.265024	0.002730	0.160528	0.056892	0.089977	
0.004794	0.003856	0.011960	0.026307	0.072902	0.019859	0.062991	0.028325	0.058078	0.036783	0.043731	0.052097	0.057744	0.050552	0.105176	0.104216	0.060415	0.063087	0.058733	0.078393	
0.001223	0.000791	0.007468	0.014814	0.026346	0.003270	0.006390	0.127255	0.065724	0.012534	0.047297	0.048768	0.020577	0.061141	0.089763	0.040340	0.110042	0.065901	0.102327	0.148029	
0.004663	0.001825	0.006865	0.025375	0.022143	0.003703	0.034093	0.039687	0.088776	0.020644	0.034241	0.080354	0.025414	0.026191	0.032326	0.122257	0.031280	0.085282	0.156969	0.157913	
0.148291	0.094969	0.015683	0.000972	0.002101	0.312858	0.031632	0.006895	0.005938	0.008711	0.000692	0.021894	0.008699	0.001016	0.000984	0.003600	0.000398	0.065847	0.160714	0.108108	
0.001525	0.000691	0.006136	0.003857	0.011757	0.005350	0.012171	0.051531	0.080130	0.005342	0.005669	0.080165	0.025486	0.011378	0.014514	0.025463	0.007386	0.127269	0.172021	0.352160	
0.000715	0.000333	0.001116	0.002299	0.005042	0.001593	0.006315	0.034760	0.015018	0.002811	0.005957	0.015316	0.009461	0.005819	0.012941	0.015683	0.006995	0.061400	0.360037	0.436389	
0.000314	0.000130	0.000526	0.000843	0.002896	0.000572	0.000876	0.013827	0.005056	0.001820	0.005269	0.005696	0.002641	0.005209	0.007885	0.003917	0.009500	0.046136	0.406903	0.479986	
0.000165	0.000080	0.000312	0.000238	0.000375	0.000217	0.000135	0.008050	0.001809	0.000821	0.000914	0.004128	0.000825	0.001674	0.001194	0.000522	0.001394	0.032785	0.545824	0.398536	
0.000155	0.000093	0.000179	0.000439	0.000804	0.000213	0.000355	0.003811	0.002439	0.001269	0.001721	0.003845	0.000805	0.001244	0.001341	0.000876	0.001564	0.037309	0.534194	0.407343	
0.000073	0.000023	0.000106	0.000223	0.000310	0.000045	0.000077	0.006484	0.001227	0.000286	0.000724	0.002784	0.000437	0.000592	0.000725	0.000708	0.000880	0.029593	0.558429	0.396274	
0.000577	0.000276	0.000362	0.000767	0.000872	0.000748	0.000989	0.011626	0.003331	0.001121	0.001389	0.005193	0.000723	0.001329	0.001092	0.000824	0.001391	0.042220	0.578257	0.346913	
0.000624	0.000139	0.000371	0.000498	0.001232	0.000386	0.000518	0.010503	0.004021	0.000579	0.000860	0.012764	0.000984	0.000563	0.001059	0.001625	0.000912	0.139566	0.396264	0.426532	
0.000268	0.000055	0.000361	0.000848	0.002147	0.000782	0.001250	0.043153	0.021489	0.000635	0.001361	0.098029	0.000856	0.000950	0.001498	0.001852	0.001580	0.398604	0.093316	0.330966	
0.001157	0.000742	0.003660	0.004536	0.011405	0.005976	0.009214	0.046040	0.090795	0.002959	0.001724	0.388016	0.008284	0.002325	0.003009	0.007549	0.001364	0.264465	0.032912	0.113868	
0.000684	0.001424	0.004902	0.064487	0.008405	0.000768	0.012692	0.011504	0.005076	0.009019	0.021832	0.004243	0.132040	0.070811	0.124022	0.253751	0.048089	0.009282	0.168141	0.048827	
0.000683	0.000246	0.004539	0.001702	0.029485	0.000525	0.001461	0.001869	0.005772	0.000302	0.000267	0.017349	0.201007	0.001369	0.017056	0.375260	0.000891	0.051973	0.182886	0.105356	
0.011615	0.002384	0.010387	0.001833	0.006944	0.015154	0.008196	0.009755	0.018022	0.002469	0.001160	0.038909	0.022343	0.002154	0.003792	0.014643	0.001489	0.181223	0.338374	0.309152	
0.002503	0.000633	0.002506	0.003273	0.004473	0.005976	0.011848	0.024237	0.019627	0.009962	0.009018	0.070306	0.006856	0.005829	0.005168	0.008403	0.004738	0.459326	0.097186	0.248133	
0.000543	0.000131	0.002261	0.004490	0.007955	0.002158	0.007033	0.028388	0.214565	0.001121	0.001365	0.478228	0.005563	0.002243	0.003049	0.012436	0.001825	0.148902	0.018355	0.059390	
0.029752	0.036860	0.023522	0.007192	0.008618	0.415981	0.255572	0.007939	0.015310	0.019006	0.002222	0.028800	0.037911	0.008106	0.006407	0.020013	0.002171	0.033708	0.020308	0.020600	
0.001379	0.001041	0.014141	0.016254	0.067583	0.003862	0.009746	0.025713	0.064448	0.027817	0.035804	0.124623	0.071635	0.077824	0.123047	0.067814	0.060715	0.106269	0.033895	0.066390	
0.000668	0.000697	0.003685	0.015719	0.070168	0.002267	0.008942	0.008967	0.013974	0.009841	0.032314	0.010244	0.052679	0.065186	0.325130	0.210588	0.114838	0.010853	0.021363	0.021879	
0.005268	0.004018	0.039707	0.002560	0.004237	0.006437	0.002381	0.223082	0.054093	0.056599	0.021522	0.101932	0.040827	0.050706	0.008453	0.010693	0.009683	0.124066	0.057856	0.175881	
0.005350	0.012255	0.006004	0.013292	0.004770	0.006632	0.033291	0.006751	0.013641	0.494860	0.215951	0.016804	0.022045	0.059707	0.015585	0.021790	0.019935	0.015558	0.005682	0.010097	
0.002019	0.004118	0.006008	0.011597	0.003386	0.001239	0.003850	0.004566	0.005186	0.309571	0.355601	0.005099	0.021315	0.134038	0.023043	0.022831	0.066410	0.006924	0.005103	0.008096	
0.000540	0.000638	0.003046	0.017309	0.012085	0.000407	0.002491	0.006598	0.003702	0.075246	0.326142	0.003008	0.016036	0.130602	0.099131	0.023371	0.259076	0.004102	0.007125	0.009345	
0.000889	0.000915	0.004879	0.011899	0.039228	0.001040	0.004030	0.006257	0.004004	0.029268	0.090321	0.003856	0.052246	0.110826	0.296118	0.097026	0.208868	0.006227	0.016678	0.015424	
0.000366	0.000229	0.003437	0.015327	0.010096	0.000602	0.000996	0.061290	0.019735	0.029164	0.192134	0.013777	0.005763	0.129326	0.070553	0.007750	0.338433	0.019024	0.030117	0.051883	
0.001928	0.002829	0.006389	0.012668	0.010496	0.001977	0.005882	0.010656	0.007632	0.256007	0.288556	0.009891	0.015152	0.138242	0.051313	0.012642	0.133028	0.015284	0.006340	0.013089	
0.000866	0.001522	0.007633	0.027130	0.020402	0.001737	0.004218	0.016317	0.020126	0.115245	0.220276	0.031131	0.032588	0.146382	0.099940	0.027743	0.173017	0.025466	0.009960	0.018304	
0.000301	0.000328	0.004714	0.034064	0.021801	0.000272	0.001009	0.010102	0.008817	0.018940	0.163228	0.004686	0.012932	0.118537	0.134357	0.020119	0.423462	0.004395	0.008446	0.009489	
0.013091	0.006773	0.013320	0.016296	0.030891	0.004030	0.051872	0.003631	0.007431	0.018955	0.017325	0.008683	0.123652	0.017051	0.070693	0.527200	0.019765	0.011767	0.022762	0.014811	
0.070061	0.071881	0.064763	0.005081	0.007498	0.344175	0.041922	0.011462	0.028386	0.030907	0.003208	0.068203	0.049207	0.008677	0.004545	0.016064	0.002102	0.079455	0.047597	0.044805	
0.010970	0.006876	0.023375	0.008786	0.020639	0.019214	0.028784	0.056900	0.048066	0.024570	0.015846	0.087776	0.101143	0.030451	0.032570	0.094047	0.011660	0.155077	0.088861	0.134390	
0.002065	0.000855	0.008237	0.010993	0.024516	0.002438	0.009681	0.102840	0.056307	0.017941	0.063782	0.057483	0.030028	0.061338	0.118704	0.141249	0.099962	0.064607	0.050365	0.076608	
0.070037	0.150109	0.072996	0.009365	0.014793	0.180360	0.045135	0.028171	0.029105	0.135738	0.021261	0.029827	0.044874	0.045429	0.015970	0.022710	0.012120	0.024636	0.022875	0.024488	
0.003288	0.002353	0.028435	0.006609	0.005892	0.003223	0.003080	0.138438	0.062298	0.058427	0.069209	0.064818	0.051465	0.166558	0.051365	0.035377	0.064532	0.075469	0.040036	0.069127	
0.007490	0.006402	0.009621	0.018346	0.019339	0.018578	0.028614	0.089729	0.048019	0.074681	0.082366	0.080003	0.021039	0.073285	0.054756	0.031142	0.062459	0.118906	0.050010	0.105216	
0.001957	0.002143	0.009387	0.038671	0.029488	0.002527	0.006531	0.036375	0.026186	0.043141	0.146979	0.026396	0.038068	0.130027	0.117835	0.047969	0.178249	0.028445	0.037797	0.051826	
0.005614	0.004653	0.016862	0.087453	0.026607	0.000352	0.009218	0.001696	0.001878	0.066272	0.133120	0.001729	0.122397	0.033373	0.089415	0.250353	0.080211	0.008543	0.039569	0.020686	
0.006359	0.000507	0.004194	0.000827	0.018524	0.004268	0.008070	0.003564	0.013365	0.000956	0.000661	0.096653	0.051784	0.000963	0.009239	0.207704	0.000996	0.321262	0.123455	0.126651	
0.002665	0.002078	0.005158	0.015516	0.019257	0.113476	0.129008	0.038626	0.331988	0.004448	0.002527	0.220531	0.004345	0.004250	0.004300	0.003999	0.003437	0.052491	0.013237	0.028663	
0.002980	0.003418	0.033608	0.016670	0.016049	0.004852	0.014858	0.052799	0.048128	0.055180	0.048786	0.034466	0.139911	0.149180	0.082079	0.116244	0.049074	0.036671	0.049862	0.045188	
0.005722	0.003542	0.010594	0.018912	0.021290	0.007942	0.018942	0.043498	0.050296	0.083439	0.108302	0.052279	0.021871	0.100670	0.054972	0.024788	0.089578	0.087554	0.087072	0.108737	
0.002982	0.005103	0.014615	0.013584	0.024691	0.005692	0.010209	0.026064	0.026882	0.061941	0.075750	0.028642	0.084924	0.151403	0.145177	0.119538	0.094545	0.026294	0.040936	0.041027	
0.001560	0.002480	0.024366	0.018008	0.012463	0.002069	0.003922	0.039576	0.049659	0.129825	0.147743	0.024218	0.048329	0.245342	0.049367	0.031362	0.098840	0.021528	0.019420	0.029921	
0.069796	0.030278	0.201467	0.012817	0.023713	0.036355	0.033901	0.022074	0.063267	0.049676	0.013097	0.064075	0.096985	0.023022	0.015527	0.026274	0.012367	0.078106	0.060744	0.066459	
0.015784	0.003547	0.005514	0.006278	0.006541	0.030366	0.042260	0.020517	0.043631	0.014074	0.009289	0.105548	0.008420	0.004878	0.004103	0.010635	0.004497	0.434733	0.076327	0.153057	
0.003473	0.001052	0.006434	0.004714	0.004847	0.011317	0.027059	0.034579	0.163810	0.006877	0.003172	0.452265	0.011270	0.005205	0.003276	0.021048	0.001933	0.181028	0.017273	0.039369	
0.011187	0.030138	0.009950	0.004968	0.003817	0.670733	0.156894	0.005315	0.015920	0.009624	0.001196	0.022893	0.015221	0.005131	0.003593	0.007973	0.001367	0.010248	0.006257	0.007578	
0.000376	0.000266	0.005880	0.004940	0.018474	0.000522	0.003011	0.006175	0.004103	0.006490	0.020808	0.007372	0.179949	0.101211	0.291716	0.251314	0.067528	0.010329	0.007954	0.011581	
0.000821	0.000836	0.004141	0.018355	0.135697	0.005528	0.035329	0.010540	0.020778	0.003476	0.006446	0.022283	0.080173	0.014194	0.217014	0.352267	0.031740	0.012064	0.012115	0.016202	
0.000199	0.000194	0.003333	0.026244	0.016641	0.000295	0.002135	0.011949	0.009215	0.020996	0.123332	0.006687	0.040990	0.157957	0.193551	0.096316	0.249664	0.008962	0.014552	0.016789	
0.001326	0.001437	0.007616	0.003757	0.029319	0.001811	0.004725	0.002814	0.002488	0.008842	0.005975	0.009014	0.238062	0.015704	0.092856	0.518207	0.009946	0.011872	0.018019	0.016211	
0.000388	0.000379	0.002299	0.014019	0.017839	0.000505	0.002174	0.009122	0.003735	0.031824	0.210090	0.004653	0.024475	0.107407	0.170128	0.084594	0.255188	0.012334	0.022380	0.026468	
0.000394	0.000312	0.002387	0.004940	0.064066	0.000799	0.002681	0.009421	0.003253	0.003781	0.015370	0.007256	0.063691	0.027931	0.356723	0.293770	0.067649	0.014394	0.028942	0.032240	
0.001016	0.000539	0.010182	0.007844	0.013501	0.002308	0.002049	0.240469	0.074678	0.012028	0.034942	0.083438	0.019326	0.068800	0.057949	0.032737	0.078984	0.071158	0.061701	0.126351	
0.018409	0.023939	0.031345	0.022769	0.023404	0.025422	0.051242	0.029406	0.036574	0.197356	0.091098	0.044589	0.068364	0.082862	0.038988	0.067848	0.033363	0.043529	0.031224	0.038269	
0.016779	0.011569	0.061071	0.021062	0.015600	0.004514	0.008286	0.025540	0.044672	0.133979	0.087592	0.055683	0.095097	0.076778	0.031434	0.056931	0.036287	0.097245	0.057817	0.062062	
0.007996	0.003517	0.013265	0.017234	0.031822	0.024201	0.056683	0.035124	0.161711	0.019731	0.014082	0.200350	0.032745	0.014318	0.021876	0.045067	0.012445	0.166160	0.047353	0.074320	
0.007697	0.008119	0.021260	0.046778	0.033825	0.014598	0.069422	0.022696	0.071355	0.086870	0.069593	0.059686	0.092425	0.065136	0.058587	0.113802	0.038713	0.058505	0.026426	0.034507	
0.004120	0.001915	0.011986	0.022334	0.053613	0.008388	0.022572	0.071722	0.091951	0.016787	0.038502	0.086788	0.044189	0.042641	0.066560	0.066393	0.057704	0.098031	0.072754	0.121052	
0.004654	0.004936	0.044861	0.023562	0.010247	0.006807	0.006908	0.089236	0.093280	0.089858	0.087860	0.064163	0.040990	0.168490	0.038798	0.019781	0.082008	0.047955	0.033424	0.042183	
0.011527	0.003559	0.011019	0.023256	0.031923	0.010356	0.162594	0.015716	0.104041	0.022557	0.019614	0.118842	0.044352	0.011567	0.025838	0.248400	0.013290	0.065985	0.021511	0.034053	
0.040232	0.043090	0.013447	0.002585	0.003337	0.617339	0.147896	0.004885	0.013207	0.011351	0.000963	0.021712	0.013148	0.002500	0.001953	0.006622	0.000705	0.022425	0.016127	0.016475	
0.003579	0.002801	0.022596	0.004433	0.010897	0.010709	0.010419	0.052145	0.066295	0.021981	0.012069	0.105778	0.122216	0.045466	0.025719	0.058224	0.010561	0.131639	0.098389	0.184084	
0.002316	0.001668	0.006905	0.011999	0.020071	0.003420	0.009436	0.033836	0.020913	0.047751	0.092326	0.020228	0.046218	0.104772	0.134003	0.085051	0.116539	0.042064	0.093527	0.106956	
0.001144	0.001316	0.010127	0.014930	0.012836	0.001681	0.003327	0.063554	0.032745	0.055700	0.114424	0.028272	0.034379	0.184192	0.088833	0.036178	0.151513	0.028417	0.059479	0.076955	
0.000366	0.000260	0.001421	0.011683	0.017510	0.000366	0.001804	0.014290	0.003792	0.015121	0.150965	0.005024	0.018386	0.072524	0.202047	0.053915	0.290036	0.016788	0.061289	0.062414	
0.000427	0.000295	0.002950	0.017541	0.017992	0.000437	0.000594	0.017514	0.005032	0.022442	0.140923	0.007130	0.006913	0.095761	0.107084	0.008967	0.428730	0.019050	0.050902	0.049318	
0.000926	0.001090	0.009027	0.048696	0.085168	0.002107	0.004192	0.011545	0.022876	0.027053	0.066204	0.026626	0.019976	0.089163	0.196055	0.017836	0.296152	0.020934	0.026098	0.028275	
0.001447	0.002025	0.010365	0.026938	0.102379	0.005323	0.014982	0.019870	0.033089	0.039843	0.061825	0.028312	0.045915	0.091549	0.215087	0.056765	0.162802	0.028067	0.020721	0.032697	
0.001049	0.001876	0.048215	0.012773	0.010640	0.001400	0.001014	0.036471	0.021771	0.066918	0.073896	0.018299	0.089356	0.329916	0.080117	0.022831	0.113419	0.015038	0.028454	0.026546	
0.012329	0.003037	0.013770	0.032888	0.037193	0.003037	0.013511	0.057249	0.030752	0.024704	0.094488	0.026552	0.017255	0.029995	0.055398	0.044437	0.111813	0.069451	0.166556	0.155584	
0.068794	0.011385	0.033258	0.019027	0.030360	0.038637	0.086607	0.047665	0.054120	0.028788	0.017311	0.096126	0.016516	0.011950	0.020183	0.027870	0.020000	0.160177	0.096596	0.114631	
0.005766	0.004385	0.007321	0.013892	0.009895	0.059785	0.072408	0.074616	0.234814	0.021109	0.010849	0.264281	0.007821	0.013722	0.005501	0.009114	0.005860	0.104870	0.023170	0.050822	
0.003670	0.003633	0.015256	0.022375	0.020687	0.017788	0.059890	0.117808	0.078373	0.035472	0.044723	0.072462	0.056832	0.092864	0.073629	0.068560	0.047574	0.059059	0.039764	0.069580	
0.006076	0.005259	0.010320	0.014357	0.016412	0.007155	0.026774	0.027312	0.019977	0.096852	0.107426	0.029450	0.075764	0.085800	0.070180	0.120602	0.051325	0.065607	0.068564	0.094788	
0.007224	0.007677	0.012209	0.007597	0.009396	0.005092	0.007407	0.028348	0.013612	0.205321	0.181243	0.025588	0.045683	0.112842	0.043401	0.039335	0.057270	0.064149	0.047302	0.079305	
0.001668	0.002152	0.009948	0.028518	0.016599	0.003717	0.004408	0.035591	0.025466	0.078844	0.149631	0.032051	0.025810	0.159750	0.097004	0.019498	0.186614	0.033859	0.038915	0.049958	
0.001046	0.001167	0.006700	0.024284	0.026994	0.001497	0.004846	0.011835	0.013090	0.048805	0.144338	0.013799	0.036724	0.182476	0.147736	0.048032	0.227737	0.014598	0.021211	0.023086	
0.001106	0.000874	0.005058	0.015363	0.060889	0.001509	0.008224	0.015461	0.006748	0.017041	0.060113	0.010284	0.058569	0.073374	0.304593	0.125248	0.154238	0.017841	0.029120	0.034347	
0.003643	0.008049	0.016786	0.013987	0.012679	0.009917	0.007903	0.023782	0.015689	0.168162	0.140698	0.011628	0.028896	0.236304	0.075315	0.020073	0.142432	0.013878	0.025429	0.024749	
0.001064	0.000979	0.004646	0.015483	0.016890	0.001184	0.003363	0.021833	0.009782	0.062870	0.230805	0.012037	0.016195	0.143016	0.114592	0.022410	0.255486	0.022437	0.017694	0.027234	
0.002264	0.001877	0.008422	0.013545	0.059742	0.003916	0.013609	0.045903	0.017569	0.024694	0.052950	0.028771	0.050302	0.065785	0.232635	0.132103	0.127356	0.036111	0.031830	0.050614	
0.000479	0.000351	0.002286	0.024636	0.022759	0.001130	0.002901	0.068309	0.013969	0.007167	0.055635	0.014323	0.009507	0.063899	0.139094	0.018759	0.249789	0.028888	0.146283	0.129837	
0.000723	0.001035	0.003424	0.041394	0.019996	0.000579	0.003813	0.007399	0.003710	0.006686	0.022449	0.003493	0.061602	0.049773	0.119727	0.117496	0.082581	0.012054	0.321298	0.120767	
0.002131	0.001142	0.008108	0.000602	0.010314	0.002135	0.001640	0.003149	0.004336	0.000615	0.000192	0.013011	0.135742	0.000953	0.005254	0.087467	0.000391	0.058344	0.389941	0.274536	
0.000218	0.000054	0.000182	0.000306	0.000351	0.000245	0.000272	0.003495	0.001387	0.000276	0.000372	0.002849	0.000916	0.000410	0.000586	0.001174	0.000478	0.046946	0.531279	0.408203	
0.000358	0.000060	0.000209	0.000439	0.000674	0.000510	0.000877	0.006277	0.004786	0.000292	0.000427	0.022651	0.001033	0.000445	0.000627	0.001610	0.000441	0.164242	0.302812	0.491229	
0.000244	0.000103	0.000632	0.000666	0.001949	0.000936	0.001085	0.010230	0.009861	0.000594	0.000474	0.087174	0.004161	0.000393	0.000663	0.004612	0.000278	0.356779	0.101023	0.418143	
0.001128	0.000282	0.003107	0.001541	0.003325	0.002875	0.006859	0.038258	0.075826	0.001103	0.000795	0.298427	0.013260	0.002608	0.003283	0.033614	0.001034	0.256125	0.078590	0.177962	
0.023387	0.023011	0.006062	0.002729	0.005611	0.540111	0.226346	0.007918	0.016130	0.003323	0.000479	0.050187	0.009393	0.001242	0.001938	0.007281	0.000479	0.036299	0.016176	0.021899	
0.005560	0.009730	0.068941	0.013745	0.012844	0.006945	0.010483	0.013495	0.020216	0.109814	0.045369	0.021019	0.212596	0.220215	0.064406	0.075897	0.038633	0.017057	0.015648	0.017388	
0.001645	0.001516	0.006677	0.023714	0.093298	0.003437	0.028081	0.010326	0.014837	0.014284	0.028754	0.019499	0.108950	0.041815	0.263214	0.213866	0.067778	0.018596	0.017013	0.022699	
0.000336	0.000529	0.002856	0.014442	0.025733	0.000446	0.001967	0.004133	0.003518	0.026771	0.145536	0.002312	0.031616	0.117632	0.254596	0.084837	0.269332	0.003152	0.004966	0.005287	
0.000405	0.000316	0.006058	0.018777	0.033910	0.001040	0.001110	0.069180	0.016759	0.012384	0.076278	0.021432	0.017223	0.108396	0.177013	0.017500	0.328149	0.019983	0.024587	0.049500	
0.000384	0.001186	0.005115	0.011656	0.010536	0.000519	0.001081	0.002987	0.002341	0.126024	0.198273	0.001776	0.014557	0.243037	0.113238	0.010919	0.250465	0.001487	0.002036	0.002384	
0.000669	0.001247	0.006182	0.018229	0.014521	0.000734	0.001431	0.008564	0.003722	0.087802	0.252460	0.003614	0.014116	0.176218	0.095849	0.006508	0.290391	0.004582	0.004558	0.008604	
0.000219	0.001005	0.003300	0.010002	0.006272	0.000261	0.000815	0.001957	0.002001	0.139482	0.279599	0.000924	0.010786	0.211182	0.078020	0.007197	0.243639	0.000721	0.001217	0.001402	
0.000356	0.001245	0.005556	0.009189	0.005395	0.000419	0.000658	0.002898	0.001527	0.150821	0.235498	0.001351	0.017582	0.273935	0.071036	0.005821	0.211022	0.001593	0.001641	0.002457	
0.000388	0.001081	0.003420	0.010688	0.009855	0.000518	0.001236	0.004235	0.002878	0.084321	0.190745	0.002780	0.016861	0.217131	0.138733	0.022458	0.277639	0.002916	0.006282	0.005833	
0.000172	0.000393	0.002233	0.016559	0.017539	0.000346	0.001122	0.004744	0.003536	0.038374	0.177584	0.001989	0.011107	0.165623	0.167380	0.014295	0.359485	0.002724	0.006907	0.007889	
0.003458	0.003078	0.062413	0.007456	0.022311	0.001153	0.001837	0.006507	0.007192	0.020421	0.018667	0.009737	0.385023	0.063146	0.076276	0.186877	0.033620	0.016115	0.040379	0.034333	
0.041682	0.008391	0.016159	0.009639	0.013946	0.025945	0.039037	0.015447	0.017677	0.046664	0.030127	0.056330	0.017564	0.007934	0.009597	0.022191	0.012634	0.325625	0.116671	0.166741	
0.003003	0.000540	0.002514	0.006850	0.005348	0.013990	0.099977	0.014310	0.299372	0.002375	0.001506	0.442398	0.002890	0.001547	0.001771	0.012519	0.001361	0.066355	0.006366	0.015008	
0.008656	0.016265	0.005196	0.000770	0.001211	0.840532	0.098321	0.001783	0.004035	0.002256	0.000149	0.007090	0.003575	0.000796	0.000756	0.001431	0.000209	0.003380	0.001549	0.002038	
0.001257	0.001249	0.021539	0.006158	0.031321	0.002965	0.007308	0.017708	0.021948	0.020438	0.021033	0.028767	0.228656	0.136639	0.175987	0.153343	0.046802	0.024643	0.020585	0.031652	
0.000415	0.000421	0.002669	0.013914	0.012155	0.000562	0.003270	0.018552	0.009812	0.036641	0.151991	0.007071	0.022717	0.168514	0.190513	0.055842	0.250348	0.008791	0.021850	0.023954	
0.001941	0.003398	0.012533	0.008558	0.008778	0.001706	0.003422	0.017606	0.006638	0.160879	0.176265	0.007288	0.054401	0.221557	0.083687	0.044957	0.118926	0.010808	0.026003	0.030648	
0.000474	0.000559	0.003277	0.014542	0.019207	0.000901	0.003211	0.012634	0.004493	0.043171	0.171916	0.007224	0.036370	0.129005	0.182479	0.053289	0.231161	0.014919	0.026866	0.044301	
0.000940	0.000935	0.003835	0.008983	0.010490	0.000960	0.002906	0.011187	0.003824	0.083884	0.227219	0.005185	0.016789	0.174430	0.110429	0.030169	0.250430	0.011290	0.019348	0.026766	
0.000457	0.000463	0.002482	0.021113	0.060127	0.000974	0.004641	0.015816	0.008407	0.011055	0.077013	0.009507	0.022594	0.063282	0.291447	0.059293	0.274830	0.016000	0.023108	0.037390	
0.001744	0.001273	0.012338	0.069223	0.028109	0.004176	0.009345	0.069352	0.104967	0.025337	0.057178	0.101033	0.024220	0.070692	0.045951	0.023891	0.097182	0.070383	0.070969	0.112637	
0.288745	0.373483	0.079313	0.002243	0.000630	0.018012	0.008265	0.000905	0.000385	0.071258	0.003241	0.001281	0.067846	0.007051	0.001694	0.012678	0.000789	0.007205	0.044525	0.010450	
0.000443	0.000176	0.004039	0.002324	0.055530	0.001040	0.003031	0.005129	0.033941	0.001631	0.001893	0.135801	0.163294	0.004063	0.034965	0.269888	0.003267	0.146692	0.045663	0.087190	
0.002485	0.003348	0.011348	0.014599	0.016268	0.006631	0.014109	0.022257	0.014612	0.076153	0.107270	0.011033	0.050578	0.171729	0.144835	0.075083	0.142854	0.019482	0.050769	0.044557	
0.000594	0.000511	0.003122	0.014403	0.039641	0.001151	0.003542	0.022331	0.012056	0.021825	0.114934	0.013844	0.019333	0.099695	0.197159	0.029045	0.288900	0.024512	0.038552	0.054849	
0.000566	0.000455	0.004006	0.041499	0.037344	0.001035	0.002638	0.033659	0.027538	0.016115	0.095249	0.018886	0.011794	0.092096	0.128310	0.025810	0.312958	0.019502	0.062227	0.068313	
0.009338	0.004671	0.026910	0.006899	0.008872	0.007938	0.009399	0.059532	0.020993	0.063773	0.036182	0.049920	0.063329	0.077799	0.032355	0.037672	0.030099	0.112108	0.159453	0.182758	
0.006456	0.007705	0.009003	0.026653	0.033258	0.024503	0.115011	0.018317	0.042573	0.071069	0.053436	0.057710	0.066853	0.041483	0.053374	0.078007	0.029917	0.067197	0.089723	0.107753	
0.002352	0.001624	0.007144	0.013812	0.025569	0.003031	0.009416	0.028104	0.019778	0.025463	0.068200	0.020969	0.055033	0.057016	0.090219	0.088608	0.077476	0.062991	0.147985	0.195211	
0.004196	0.002475	0.009468	0.015243	0.027449	0.005851	0.018513	0.038849	0.037364	0.024148	0.028510	0.039536	0.034608	0.037083	0.050426	0.041352	0.041817	0.077826	0.230880	0.234406	
0.003326	0.002426	0.005881	0.009303	0.007956	0.004820	0.006315	0.033372	0.030892	0.035597	0.048186	0.045704	0.019122	0.046702	0.027119	0.022457	0.036573	0.110753	0.270929	0.232570	
0.002872	0.001194	0.004753	0.013709	0.024619	0.002849	0.011253	0.020392	0.022476	0.018297	0.039890	0.035946	0.025865	0.025142	0.038987	0.055912	0.036865	0.109672	0.236961	0.272346	
0.010244	0.002282	0.008732	0.002981	0.006514	0.005545	0.010078	0.062721	0.020815	0.017989	0.016996	0.056818	0.016323	0.016568	0.017029	0.025306	0.014920	0.175851	0.233594	0.278693	
0.002158	0.001552	0.003409	0.026438	0.019626	0.022550	0.075092	0.072602	0.193195	0.010621	0.012502	0.210475	0.006648	0.008973	0.012114	0.009917	0.012105	0.109148	0.066895	0.123980	
0.000891	0.000628	0.004534	0.012595	0.033580	0.001440	0.008190	0.023433	0.016028	0.017794	0.074683	0.020772	0.058460	0.071022	0.171522	0.182767	0.119980	0.044573	0.052869	0.084237	
0.003317	0.003411	0.008758	0.021535	0.032794	0.006124	0.012727	0.047430	0.022103	0.044348	0.079137	0.029819	0.028028	0.098968	0.140540	0.044571	0.149498	0.046422	0.093121	0.087351	
0.000836	0.000900	0.005615	0.047908	0.055748	0.001981	0.006723	0.028626	0.047932	0.017172	0.078778	0.024015	0.021944	0.088791	0.157770	0.041792	0.246250	0.023112	0.049659	0.054449	
0.021806	0.016445	0.096758	0.010658	0.010459	0.007920	0.005894	0.031738	0.019231	0.101712	0.041537	0.033022	0.128485	0.088724	0.025539	0.037635	0.026828	0.067674	0.111352	0.116585	
0.025518	0.011724	0.015880	0.023990	0.018765	0.025743	0.071158	0.029033	0.045351	0.044603	0.030141	0.069464	0.027885	0.016191	0.017058	0.031495	0.016566	0.162622	0.144660	0.172152	
0.004684	0.001389	0.011029	0.011078	0.020769	0.009961	0.032736	0.036927	0.142801	0.010439	0.011696	0.279724	0.029395	0.014147	0.018485	0.059937	0.011008	0.175501	0.037197	0.081096	
0.012865	0.016987	0.008344	0.018231	0.021550	0.167293	0.457847	0.020874	0.051317	0.022080	0.011762	0.036558	0.021207	0.017439	0.016906	0.027378	0.009710	0.021693	0.017187	0.022773	
0.004102	0.006572	0.049603	0.011180	0.014929	0.006550	0.008212	0.026130	0.031000	0.124671	0.066416	0.032955	0.155043	0.212204	0.062469	0.052777	0.049560	0.029891	0.024429	0.031306	
0.003985	0.005897	0.010734	0.024031	0.015568	0.005747	0.009038	0.026342	0.017267	0.094537	0.134316	0.016774	0.033170	0.169363	0.105242	0.036726	0.150293	0.023358	0.066019	0.051594	
0.001881	0.002330	0.010673	0.014177	0.031664	0.002429	0.006061	0.012096	0.011363	0.069980	0.146869	0.010778	0.056994	0.168949	0.143551	0.053587	0.181157	0.019476	0.022890	0.033093	
0.002329	0.005105	0.017205	0.018125	0.019366	0.004747	0.006193	0.015165	0.015965	0.188906	0.138635	0.021522	0.066360	0.168722	0.082153	0.033171	0.101822	0.030640	0.027162	0.036705	
0.002030	0.002168	0.008460	0.028523	0.028512	0.003290	0.008998	0.026108	0.036459	0.055090	0.107890	0.039377	0.043237	0.110418	0.094942	0.052810	0.125855	0.064591	0.068785	0.092457	
0.002501	0.000969	0.008775	0.014683	0.042214	0.002726	0.006191	0.047152	0.036840	0.009261	0.026325	0.069046	0.044130	0.028859	0.072360	0.074048	0.050686	0.105103	0.159045	0.199085	
0.009342	0.014980	0.039442	0.064193	0.025182	0.013955	0.033108	0.023727	0.052808	0.122748	0.078466	0.047170	0.078468	0.079516	0.043273	0.055570	0.051830	0.042577	0.063686	0.059960	
0.008653	0.002306	0.006119	0.006281	0.015159	0.006985	0.077126	0.012407	0.032841	0.007575	0.007002	0.063818	0.079183	0.008520	0.022935	0.396844	0.005601	0.082920	0.074239	0.083485	
0.032151	0.052322	0.015607	0.003759	0.005543	0.568764	0.130458	0.007450	0.018526	0.011361	0.001181	0.031689	0.013209	0.003009	0.002824	0.006302	0.001116	0.027993	0.031265	0.035474	
0.002849	0.001736	0.013707	0.006695	0.017110	0.005144	0.012693	0.051664	0.037909	0.020350	0.028948	0.047699	0.093635	0.070581	0.063801	0.083438	0.033480	0.089104	0.109935	0.209522	
0.004087	0.003505	0.008510	0.012891	0.015945	0.005680	0.015173	0.033943	0.030199	0.053400	0.047731	0.039140	0.044091	0.064712	0.058046	0.063290	0.040697	0.077141	0.204652	0.177168	
0.004887	0.002964	0.007733	0.013496	0.016717	0.005419	0.013293	0.024944	0.021691	0.053942	0.082950	0.033875	0.031088	0.064835	0.051959	0.046416	0.062679	0.101038	0.170348	0.189727	
0.003912	0.002298	0.007020	0.008228	0.029794	0.005336	0.015284	0.033729	0.018280	0.022658	0.033145	0.048384	0.058925	0.030896	0.075103	0.112086	0.032581	0.119316	0.147693	0.195330	
0.000679	0.000463	0.003296	0.007965	0.013433	0.002333	0.003936	0.189041	0.047971	0.006758	0.026410	0.059834	0.010847	0.034347	0.049780	0.024397	0.057922	0.087180	0.131448	0.241958	
0.002429	0.006431	0.022634	0.014307	0.032670	0.006976	0.005774	0.074523	0.051758	0.083865	0.073156	0.039130	0.047588	0.165723	0.067577	0.037466	0.076684	0.032453	0.068247	0.090609	
0.001944	0.007079	0.060152	0.003678	0.002293	0.001237	0.000882	0.013211	0.008617	0.091649	0.022542	0.007739	0.269528	0.188594	0.021280	0.027970	0.014503	0.017328	0.146362	0.093412	
0.000383	0.000056	0.000080	0.000067	0.000176	0.000139	0.000230	0.000777	0.000597	0.000101	0.000093	0.001340	0.000394	0.000043	0.000125	0.000786	0.000067	0.033033	0.582923	0.378591	
0.000107	0.000022	0.000036	0.000021	0.000035	0.000252	0.000139	0.001484	0.000676	0.000046	0.000026	0.002442	0.000138	0.000037	0.000031	0.000107	0.000021	0.041780	0.439101	0.513498	
0.000042	0.000009	0.000013	0.000070	0.000151	0.000099	0.000185	0.001515	0.001926	0.000009	0.000008	0.004467	0.000033	0.000004	0.000016	0.000063	0.000009	0.039376	0.372800	0.579203	
0.000009	0.000001	0.000007	0.000011	0.000024	0.000030	0.000031	0.001514	0.001083	0.000003	0.000005	0.004592	0.000035	0.000010	0.000020	0.000054	0.000012	0.087607	0.369789	0.535164	
0.000040	0.000003	0.000012	0.000025	0.000058	0.000031	0.000124	0.002253	0.000564	0.000013	0.000017	0.008698	0.000109	0.000014	0.000029	0.000289	0.000012	0.206227	0.212494	0.568989	
0.000040	0.000006	0.000080	0.000020	0.000310	0.000239	0.000161	0.013675	0.007030	0.000007	0.000004	0.157957	0.000495	0.000012	0.000048	0.000639	0.000006	0.344660	0.085034	0.389578	
0.000111	0.000300	0.000863	0.627706	0.023458	0.000340	0.024303	0.004992	0.028721	0.001781	0.004669	0.005148	0.004824	0.003468	0.019448	0.013559	0.014811	0.006026	0.160865	0.054607	
0.000230	0.000007	0.000146	0.000008	0.000511	0.000043	0.000066	0.000322	0.000688	0.000014	0.000007	0.009089	0.002510	0.000010	0.000084	0.003255	0.000006	0.400795	0.188915	0.393294	
0.000110	0.000038	0.000118	0.000390	0.000526	0.000675	0.000706	0.003311	0.006495	0.000536	0.000312	0.039293	0.000741	0.000314	0.000372	0.000766	0.000191	0.330811	0.206874	0.407421	
0.000061	0.000009	0.000134	0.000129	0.000541	0.000303	0.000277	0.018250	0.014918	0.000021	0.000027	0.048106	0.000498	0.000091	0.000280	0.000864	0.000078	0.154072	0.240744	0.520596	
0.000327	0.000039	0.000168	0.000226	0.000562	0.000162	0.000316	0.003326	0.002115	0.000223	0.000236	0.010474	0.000758	0.000190	0.000399	0.001717	0.000185	0.175999	0.434906	0.367673	
0.000500	0.000103	0.000527	0.000324	0.001416	0.001082	0.001117	0.015283	0.012075	0.000775	0.000551	0.116403	0.002114	0.000733	0.000898	0.003480	0.000370	0.467680	0.093714	0.280856	
0.000365	0.000296	0.001692	0.005737	0.012295	0.003785	0.007100	0.113606	0.156195	0.002327	0.003738	0.243035	0.004970	0.003983	0.005754	0.008826	0.003675	0.174227	0.071147	0.177250	
0.000375	0.000437	0.009564	0.017381	0.029015	0.000536	0.001553	0.026744	0.014201	0.026371	0.073271	0.009476	0.047054	0.183491	0.209801	0.056182	0.196613	0.016583	0.044187	0.037168	
0.001174	0.000336	0.003762	0.001526	0.011666	0.002237	0.001911	0.141681	0.032062	0.001166	0.001395	0.081351	0.007607	0.003611	0.010921	0.008857	0.004431	0.153084	0.165906	0.365315	
0.000180	0.000309	0.000828	0.027211	0.009341	0.000372	0.001943	0.012857	0.010284	0.056932	0.409381	0.007120	0.003384	0.085242	0.056380	0.006272	0.247544	0.013864	0.021412	0.029143	
0.000442	0.000713	0.003757	0.032426	0.021042	0.000255	0.000566	0.007465	0.003131	0.030308	0.170387	0.004067	0.014060	0.125439	0.130322	0.014767	0.388934	0.008195	0.022031	0.021694	
0.000614	0.000853	0.005241	0.032666	0.081298	0.001091	0.004076	0.005592	0.007540	0.016463	0.060614	0.005910	0.023427	0.075704	0.289138	0.035373	0.308225	0.006427	0.023645	0.016101	
0.002752	0.004042	0.012193	0.041365	0.081440	0.005991	0.012618	0.021384	0.026384	0.036851	0.075376	0.017639	0.033168	0.085242	0.176338	0.042669	0.194574	0.024842	0.051961	0.053170	
0.007880	0.011342	0.044242	0.025905	0.034167	0.017132	0.014768	0.071584	0.165683	0.026983	0.017166	0.117829	0.068209	0.043051	0.027048	0.037555	0.020600	0.064436	0.079312	0.105109	
0.042768	0.026442	0.035537	0.013804	0.012275	0.012745	0.045985	0.021669	0.015682	0.106304	0.048950	0.022595	0.070699	0.029694	0.020952	0.053878	0.016620	0.103904	0.143909	0.155587	
0.010360	0.002612	0.007159	0.007544	0.012446	0.011251	0.024862	0.028332	0.054000	0.011386	0.010220	0.112872	0.016231	0.009017	0.011729	0.037735	0.008377	0.244318	0.166024	0.213523	
0.007971	0.003643	0.010748	0.019575	0.015472	0.030539	0.058358	0.036600	0.141580	0.010734	0.007010	0.183825	0.015982	0.009133	0.007700	0.014832	0.006339	0.175897	0.095399	0.148664	
0.016068	0.006858	0.016502	0.011026	0.015390	0.021106	0.036574	0.018627	0.039007	0.026755	0.011948	0.114553	0.061868	0.017600	0.015248	0.051300	0.007221	0.274947	0.103532	0.133871	
0.002630	0.001628	0.010331	0.025854	0.061482	0.014361	0.032114	0.033120	0.168007	0.012166	0.011756	0.254733	0.025962	0.015157	0.030705	0.034163	0.017614	0.141463	0.035089	0.071663	
0.003348	0.004152	0.021647	0.016684	0.034884	0.009429	0.020187	0.020867	0.039148	0.056836	0.055756	0.037440	0.138909	0.129029	0.113325	0.152984	0.059911	0.034481	0.020801	0.030182	
0.004647	0.004328	0.023326	0.014164	0.029739	0.008432	0.015888	0.080445	0.073631	0.038535	0.034841	0.102096	0.099724	0.068833	0.063370	0.085572	0.033661	0.084046	0.046844	0.087880	
0.002109	0.003869	0.006492	0.012974	0.008924	0.002516	0.008226	0.009677	0.010112	0.207466	0.288290	0.008692	0.028536	0.153778	0.061228	0.035562	0.103485	0.013473	0.015784	0.018808	
0.001934	0.003965	0.007861	0.022953	0.010372	0.001714	0.003647	0.009228	0.006830	0.181655	0.271396	0.006703	0.020090	0.189569	0.053843	0.011877	0.153804	0.009468	0.016118	0.016973	
0.000671	0.000979	0.003971	0.016903	0.031236	0.001500	0.004658	0.010444	0.006803	0.035829	0.115574	0.006389	0.026494	0.157447	0.224465	0.035990	0.278094	0.009019	0.014763	0.018772	
0.001288	0.002403	0.015042	0.010667	0.014652	0.001598	0.002402	0.015078	0.010204	0.145351	0.171273	0.007439	0.039322	0.268729	0.086826	0.029091	0.147511	0.008480	0.009926	0.012719	
0.003676	0.006157	0.032335	0.022584	0.021190	0.002472	0.006547	0.010674	0.018153	0.155095	0.111087	0.015147	0.110653	0.153939	0.091725	0.082915	0.089927	0.022971	0.021120	0.021633	
0.002844	0.000773	0.005666	0.002503	0.008700	0.003181	0.003111	0.014096	0.025466	0.007468	0.005561	0.121981	0.029320	0.006073	0.009605	0.033881	0.004205	0.457327	0.086202	0.172037	
0.002006	0.001093	0.011051	0.005112	0.014617	0.006786	0.006538	0.027677	0.088715	0.012220	0.005607	0.375564	0.032090	0.009227	0.008282	0.025629	0.003675	0.272598	0.024242	0.067272	
0.000584	0.001302	0.004458	0.221785	0.025049	0.001288	0.036079	0.005666	0.019996	0.020446	0.037203	0.010207	0.106835	0.049010	0.097164	0.225482	0.046004	0.012295	0.052161	0.026986	
0.001699	0.000236	0.006431	0.001284	0.021173	0.000648	0.001392	0.002800	0.007018	0.001116	0.000966	0.038626	0.122816	0.001866	0.012440	0.161461	0.001457	0.246338	0.175413	0.194820	
0.005328	0.001951	0.003230	0.005563	0.013882	0.017924	0.022283	0.030493	0.033785	0.007712	0.007403	0.083835	0.014071	0.008123	0.014303	0.029773	0.007641	0.237368	0.187958	0.267375	
0.001712	0.001116	0.011178	0.007018	0.011126	0.003103	0.002796	0.162157	0.051524	0.012777	0.020925	0.108144	0.022525	0.039730	0.031379	0.027959	0.030076	0.158469	0.098912	0.197373	
0.006353	0.007401	0.041376	0.044795	0.055052	0.010233	0.022060	0.041380	0.125538	0.027294	0.020351	0.120541	0.097666	0.048697	0.056228	0.107976	0.028526	0.047452	0.046034	0.045048	
0.031879	0.015526	0.019848	0.023614	0.026328	0.022158	0.114982	0.028949	0.063154	0.023760	0.017651	0.056146	0.059292	0.018809	0.025879	0.130290	0.013798	0.092383	0.114200	0.101352	
0.065565	0.034233	0.026910	0.004885	0.012677	0.144637	0.094388	0.013609	0.054106	0.014484	0.002587	0.111348	0.038012	0.004219	0.005949	0.047572	0.001768	0.165296	0.078123	0.079631	
