0.038394	0.035742	0.034471	0.035280	0.028397	0.043613	0.055330	0.047375	0.064902	0.047428	0.039041	0.051629	0.044106	0.037755	0.038642	0.048300	0.034456	0.064350	0.104489	0.106301	
0.020928	0.016365	0.023532	0.019669	0.025099	0.021121	0.031876	0.033000	0.068150	0.030214	0.023228	0.076474	0.054115	0.035269	0.036010	0.075096	0.025540	0.119431	0.120429	0.144456	
0.023829	0.007957	0.022370	0.016701	0.021433	0.017380	0.033451	0.027175	0.080456	0.020789	0.013538	0.105587	0.041862	0.017012	0.021684	0.050274	0.012684	0.184638	0.125669	0.155509	
0.005825	0.002364	0.008388	0.007475	0.014239	0.015816	0.020082	0.047483	0.075869	0.012666	0.009060	0.231833	0.024788	0.012221	0.015390	0.031868	0.008013	0.214796	0.090252	0.151572	
0.001505	0.001805	0.004313	0.205364	0.048006	0.002957	0.062689	0.007723	0.030393	0.018134	0.034056	0.017373	0.048863	0.028068	0.108779	0.188674	0.053520	0.027664	0.066645	0.043469	
0.001861	0.000718	0.005708	0.000917	0.025340	0.005588	0.004297	0.009798	0.017486	0.001569	0.000695	0.135508	0.116983	0.002476	0.016978	0.141151	0.001077	0.256439	0.092563	0.162848	
0.001216	0.001693	0.004253	0.023028	0.022429	0.004399	0.008920	0.053099	0.038533	0.032120	0.096013	0.041944	0.020890	0.118462	0.133972	0.055799	0.143451	0.055979	0.059866	0.083935	
0.001473	0.001559	0.005840	0.012527	0.039385	0.002817	0.007871	0.047548	0.023348	0.009624	0.023472	0.057831	0.071367	0.072540	0.156520	0.139554	0.061579	0.067248	0.086139	0.111759	
0.001228	0.001871	0.006841	0.024254	0.054256	0.001532	0.005111	0.016669	0.008624	0.017849	0.049078	0.012167	0.081360	0.093881	0.177394	0.207885	0.107634	0.023087	0.055695	0.053581	
0.002177	0.001210	0.014532	0.005037	0.037504	0.002379	0.003659	0.086517	0.038886	0.008027	0.016158	0.078366	0.099834	0.055242	0.075408	0.157713	0.030159	0.065439	0.077580	0.144172	
0.005738	0.005632	0.016946	0.092051	0.020910	0.001043	0.036804	0.000955	0.003183	0.039942	0.042410	0.001653	0.119683	0.038513	0.110920	0.354785	0.051524	0.002811	0.042740	0.011757	
0.002063	0.000230	0.001699	0.000606	0.019063	0.004266	0.003196	0.002258	0.008548	0.000136	0.000127	0.066534	0.024404	0.000164	0.002253	0.033718	0.000170	0.429954	0.164652	0.235959	
0.000889	0.000410	0.004075	0.007960	0.013712	0.003827	0.006065	0.036453	0.176497	0.005057	0.006147	0.177731	0.010251	0.007652	0.010804	0.014717	0.008313	0.196230	0.134928	0.178281	
0.008144	0.003308	0.016536	0.004625	0.003633	0.004900	0.015444	0.018962	0.017221	0.013625	0.006158	0.044560	0.074444	0.017532	0.011546	0.041216	0.003663	0.245187	0.222476	0.226819	
0.001474	0.000264	0.000663	0.000498	0.003370	0.003573	0.001850	0.011309	0.006784	0.000418	0.000311	0.045361	0.004269	0.000407	0.001611	0.005043	0.000328	0.284758	0.282966	0.344745	
0.000270	0.000139	0.001987	0.006906	0.010090	0.003063	0.004072	0.040153	0.332295	0.001059	0.001525	0.222772	0.006978	0.005473	0.005032	0.007823	0.002858	0.102105	0.073776	0.171621	
0.007054	0.001640	0.009033	0.002246	0.005175	0.002076	0.005096	0.006955	0.008023	0.004038	0.001548	0.018354	0.034342	0.004118	0.008009	0.046774	0.001746	0.094463	0.510115	0.229193	
0.005767	0.000440	0.001351	0.001323	0.003591	0.010607	0.023370	0.011408	0.032132	0.002142	0.001675	0.045193	0.001215	0.000635	0.001874	0.002715	0.001086	0.229415	0.240381	0.383683	
0.001220	0.000156	0.001601	0.000607	0.001176	0.001826	0.001559	0.041166	0.023784	0.000592	0.000383	0.045252	0.000828	0.000377	0.000698	0.000980	0.000452	0.184678	0.219063	0.473599	
0.000355	0.000154	0.000177	0.000737	0.000683	0.001465	0.001171	0.088131	0.014687	0.000424	0.000474	0.035429	0.000419	0.000605	0.000528	0.000653	0.000412	0.127382	0.324296	0.401819	
0.000281	0.000082	0.000425	0.000808	0.001260	0.000267	0.000381	0.045330	0.012053	0.000242	0.000814	0.034012	0.001032	0.001451	0.002591	0.003561	0.002221	0.100248	0.434157	0.358785	
0.002666	0.000752	0.001006	0.001622	0.004119	0.003966	0.007091	0.019303	0.005302	0.001230	0.001086	0.030369	0.004399	0.001153	0.004063	0.016805	0.001165	0.170832	0.401772	0.321299	
0.001568	0.000568	0.002191	0.001605	0.003866	0.004254	0.002743	0.103992	0.042808	0.002164	0.002381	0.141090	0.003999	0.003270	0.004057	0.008047	0.002328	0.266797	0.125971	0.276302	
0.002158	0.001592	0.006236	0.015098	0.018274	0.010271	0.025646	0.128286	0.129628	0.009996	0.010653	0.220190	0.015173	0.012715	0.015121	0.019798	0.008269	0.145489	0.057191	0.148215	
0.005207	0.006375	0.011561	0.049973	0.010387	0.001805	0.015413	0.009062	0.004300	0.022040	0.035137	0.003882	0.144211	0.072253	0.081697	0.165723	0.042317	0.027811	0.196883	0.093963	
0.003178	0.000614	0.005293	0.001865	0.084909	0.002318	0.004060	0.017520	0.018014	0.000594	0.000698	0.107543	0.054597	0.001241	0.017374	0.116119	0.001582	0.265256	0.117982	0.179244	
0.005977	0.006873	0.017908	0.014173	0.020269	0.021302	0.015996	0.088593	0.085559	0.034242	0.030346	0.108439	0.031724	0.055958	0.038758	0.055503	0.031658	0.112830	0.097651	0.126242	
0.017720	0.023038	0.014498	0.068197	0.010870	0.009372	0.086302	0.005818	0.004938	0.035381	0.023699	0.005863	0.100914	0.024335	0.035975	0.199237	0.013351	0.021893	0.226973	0.071626	
0.003857	0.000829	0.003811	0.000749	0.015699	0.002377	0.002022	0.003722	0.007143	0.000972	0.000573	0.047638	0.030701	0.000957	0.005607	0.033280	0.000664	0.328136	0.240727	0.270535	
0.004888	0.001693	0.005897	0.008346	0.025107	0.010428	0.014995	0.036137	0.043778	0.006124	0.005569	0.119846	0.011959	0.005489	0.013091	0.011525	0.007437	0.282474	0.132704	0.252513	
0.002017	0.001008	0.002996	0.010303	0.017000	0.004088	0.004104	0.154792	0.051838	0.003676	0.009740	0.058608	0.005718	0.011921	0.025039	0.011428	0.022307	0.130379	0.199269	0.273769	
0.002804	0.001092	0.006279	0.017292	0.018457	0.002909	0.015276	0.035127	0.109887	0.005925	0.008567	0.083521	0.023197	0.014055	0.021841	0.123959	0.013273	0.083576	0.246407	0.166556	
0.119875	0.056718	0.014536	0.001154	0.003483	0.148953	0.040786	0.006979	0.004865	0.010360	0.000856	0.028057	0.013071	0.001146	0.001603	0.010075	0.000386	0.097138	0.279753	0.160206	
0.004417	0.001780	0.009427	0.003581	0.011092	0.021464	0.025087	0.053366	0.107266	0.010927	0.005210	0.138039	0.017079	0.006562	0.008023	0.014607	0.003298	0.171883	0.103670	0.283219	
0.001304	0.001321	0.002923	0.006078	0.006477	0.002795	0.008831	0.102907	0.030672	0.012266	0.040149	0.034243	0.020424	0.042239	0.035545	0.020923	0.030653	0.066948	0.178573	0.354729	
0.000362	0.000379	0.001713	0.033681	0.026570	0.000589	0.002967	0.013797	0.007378	0.014138	0.093160	0.006378	0.016347	0.069304	0.119866	0.049370	0.237616	0.022808	0.141569	0.142009	
0.000733	0.000522	0.002901	0.005749	0.006105	0.000416	0.000561	0.020037	0.003910	0.017550	0.047911	0.006398	0.014908	0.100577	0.045592	0.008740	0.090328	0.033273	0.306239	0.287551	
0.002437	0.003011	0.003847	0.016465	0.025771	0.003066	0.005047	0.014341	0.017594	0.030927	0.049811	0.018419	0.012323	0.034991	0.047453	0.017192	0.068843	0.039779	0.316883	0.271800	
0.001210	0.000972	0.001600	0.003260	0.001434	0.000538	0.000434	0.009029	0.001280	0.015036	0.023884	0.002821	0.005771	0.016304	0.006089	0.002931	0.012843	0.044924	0.454051	0.395589	
0.001299	0.000869	0.000866	0.002925	0.002869	0.000713	0.001906	0.010004	0.007268	0.003374	0.005021	0.008788	0.002099	0.003435	0.003714	0.003537	0.004725	0.047746	0.532740	0.356102	
0.003557	0.000676	0.000680	0.000653	0.002499	0.000815	0.001227	0.005365	0.001562	0.001556	0.001937	0.006143	0.002045	0.000919	0.003566	0.005877	0.001674	0.110724	0.463560	0.384963	
0.000805	0.000195	0.000557	0.000877	0.002500	0.001411	0.001716	0.032102	0.014585	0.000734	0.001579	0.061768	0.001067	0.000876	0.002134	0.002555	0.001679	0.314101	0.153631	0.405128	
0.002642	0.000575	0.001789	0.002430	0.006563	0.003308	0.008155	0.056720	0.045831	0.001648	0.001368	0.181687	0.003621	0.001321	0.002594	0.004913	0.001157	0.235701	0.130234	0.307743	
0.000689	0.000592	0.002958	0.068163	0.017591	0.000811	0.008178	0.016557	0.027705	0.004544	0.014017	0.020558	0.021776	0.015802	0.050698	0.075142	0.027113	0.048222	0.414589	0.164295	
0.000909	0.000156	0.001932	0.001693	0.026921	0.000488	0.004430	0.001943	0.007405	0.000290	0.000306	0.020857	0.068361	0.000931	0.009617	0.175988	0.000650	0.100033	0.348531	0.228559	
0.002937	0.000610	0.005475	0.001254	0.006321	0.003887	0.005128	0.006005	0.016559	0.001025	0.000454	0.067863	0.015833	0.000825	0.001842	0.008435	0.000436	0.225704	0.308546	0.320861	
0.003472	0.001009	0.001998	0.003555	0.002398	0.012540	0.029434	0.055796	0.038230	0.006054	0.004872	0.101309	0.002614	0.002338	0.001628	0.002723	0.001787	0.432165	0.073923	0.222155	
0.000263	0.000058	0.001171	0.002970	0.003768	0.001601	0.010570	0.048518	0.166765	0.000401	0.000861	0.457105	0.010329	0.001752	0.004838	0.080352	0.001420	0.125686	0.025189	0.056383	
0.017635	0.037203	0.012944	0.000587	0.002222	0.754839	0.098643	0.001487	0.003673	0.007940	0.000252	0.010590	0.011057	0.001581	0.001080	0.004580	0.000184	0.013516	0.010080	0.009906	
0.001255	0.001258	0.014512	0.005164	0.066791	0.001762	0.003009	0.063251	0.045062	0.011035	0.016435	0.093405	0.087119	0.077851	0.141214	0.070247	0.049716	0.088380	0.044728	0.117804	
0.000674	0.000528	0.004500	0.012207	0.059274	0.000819	0.002977	0.007676	0.007614	0.013866	0.051165	0.006349	0.040682	0.074840	0.339571	0.186853	0.131886	0.010742	0.019332	0.028443	
0.005334	0.002875	0.029953	0.001800	0.003662	0.004200	0.002382	0.242648	0.052015	0.038842	0.013335	0.088808	0.040177	0.058768	0.011607	0.020026	0.010597	0.098362	0.080404	0.194205	
0.001250	0.003568	0.002010	0.010733	0.003860	0.003319	0.011897	0.004608	0.010651	0.431124	0.298190	0.019523	0.016659	0.065745	0.018922	0.013716	0.028923	0.020314	0.012783	0.022205	
0.000755	0.003190	0.004834	0.013996	0.002054	0.001254	0.002178	0.004289	0.005251	0.411112	0.302167	0.004211	0.012705	0.136232	0.017966	0.007237	0.058212	0.002798	0.003506	0.006053	
0.000491	0.001249	0.002553	0.009552	0.010219	0.000373	0.002867	0.004570	0.001680	0.066958	0.231178	0.002439	0.054739	0.150470	0.171754	0.077098	0.170248	0.005023	0.017767	0.018772	
0.000370	0.000591	0.004228	0.007878	0.018366	0.000286	0.000742	0.008542	0.001763	0.030259	0.136879	0.001606	0.021333	0.130625	0.223563	0.055431	0.323953	0.003695	0.014426	0.015464	
0.000879	0.000558	0.003340	0.013579	0.009050	0.000727	0.001067	0.074565	0.018395	0.041096	0.190668	0.016796	0.006413	0.165230	0.062837	0.006300	0.288301	0.018090	0.026280	0.055828	
0.002286	0.007339	0.004624	0.016986	0.009254	0.001669	0.007404	0.004157	0.004298	0.307353	0.289688	0.003110	0.014988	0.115025	0.055418	0.013206	0.128764	0.004156	0.004273	0.006003	
0.001057	0.001915	0.008579	0.024302	0.020252	0.001179	0.002017	0.028174	0.020599	0.086079	0.186128	0.022133	0.022181	0.130869	0.085158	0.014451	0.245515	0.029239	0.025262	0.044911	
0.002755	0.004614	0.016422	0.051239	0.040611	0.001529	0.004280	0.016289	0.017680	0.059793	0.156908	0.010469	0.029067	0.118317	0.119471	0.030855	0.260962	0.011723	0.024730	0.022281	
0.011734	0.006204	0.012457	0.019267	0.030422	0.004011	0.040399	0.009969	0.018165	0.021824	0.021119	0.030437	0.119018	0.021869	0.057093	0.341474	0.020411	0.055573	0.090608	0.067946	
0.091184	0.097317	0.034632	0.003412	0.007567	0.391335	0.047906	0.014915	0.017455	0.021201	0.002979	0.047940	0.017876	0.003944	0.003426	0.009263	0.001806	0.058779	0.064973	0.062090	
0.037167	0.025850	0.037947	0.006270	0.016979	0.035170	0.020302	0.048923	0.031244	0.033223	0.011734	0.053929	0.094632	0.026168	0.025209	0.062617	0.008835	0.122684	0.133227	0.167891	
0.002802	0.003012	0.011638	0.013573	0.017463	0.003855	0.007233	0.070226	0.081652	0.032436	0.045740	0.093290	0.043795	0.088668	0.068347	0.096408	0.051487	0.089689	0.075454	0.103231	
0.096582	0.129128	0.040647	0.011449	0.016379	0.106835	0.095355	0.017715	0.011165	0.083307	0.017943	0.013686	0.059717	0.028331	0.029043	0.052249	0.013169	0.024860	0.093518	0.058920	
0.005533	0.005300	0.013943	0.012173	0.012776	0.004952	0.003713	0.069178	0.041611	0.056024	0.086735	0.046201	0.039901	0.112197	0.052412	0.043508	0.079604	0.089491	0.086366	0.138382	
0.012784	0.016064	0.014945	0.030219	0.024717	0.025907	0.044102	0.081640	0.035170	0.083558	0.066839	0.057792	0.035895	0.061089	0.037262	0.039450	0.043852	0.077198	0.092119	0.119397	
0.002283	0.003705	0.011165	0.032163	0.041328	0.004666	0.011373	0.038166	0.043968	0.044083	0.098677	0.047110	0.048217	0.084331	0.104378	0.078485	0.113499	0.055563	0.052544	0.084297	
0.002790	0.002487	0.008894	0.055155	0.013536	0.000355	0.009458	0.000694	0.001494	0.030847	0.057200	0.000977	0.112701	0.038023	0.108007	0.428299	0.064321	0.003723	0.046896	0.014143	
0.002510	0.000183	0.001723	0.000534	0.012191	0.001874	0.004101	0.001645	0.008207	0.000200	0.000151	0.067102	0.042812	0.000280	0.003715	0.138953	0.000216	0.312964	0.208862	0.191776	
0.003213	0.001723	0.008426	0.022122	0.025338	0.066797	0.088818	0.060172	0.199373	0.010606	0.006322	0.235513	0.007080	0.005430	0.007852	0.007427	0.007654	0.130765	0.031429	0.073941	
0.002702	0.002475	0.019475	0.028935	0.021493	0.004877	0.015937	0.051999	0.081317	0.040346	0.052984	0.068877	0.070626	0.089711	0.085670	0.113026	0.068340	0.061543	0.053819	0.065847	
0.013059	0.005171	0.008307	0.015589	0.019520	0.019395	0.045890	0.047308	0.027418	0.037365	0.040669	0.029835	0.021030	0.062493	0.047614	0.036619	0.057762	0.080611	0.199912	0.184433	
0.008024	0.011544	0.022793	0.022336	0.024313	0.008379	0.010921	0.046052	0.051780	0.078390	0.077711	0.047665	0.044452	0.105678	0.055836	0.040652	0.070665	0.050884	0.113235	0.108691	
0.005818	0.006819	0.033455	0.021443	0.012689	0.002606	0.005425	0.025127	0.031556	0.088228	0.085555	0.018707	0.092857	0.187297	0.053264	0.076754	0.073899	0.024729	0.087574	0.066197	
0.024725	0.005849	0.067258	0.008812	0.025069	0.011826	0.018991	0.013197	0.053815	0.012438	0.009060	0.087714	0.051339	0.008727	0.014518	0.038785	0.011420	0.150778	0.190449	0.195230	
0.011516	0.001131	0.001723	0.001587	0.003049	0.017145	0.034319	0.029341	0.033486	0.003448	0.003084	0.068851	0.002774	0.000940	0.002066	0.008485	0.001687	0.419789	0.113772	0.241807	
0.001191	0.000250	0.001855	0.001330	0.000818	0.004299	0.008901	0.025486	0.150113	0.002248	0.001151	0.443445	0.003402	0.001356	0.000730	0.009449	0.000536	0.269016	0.023330	0.051095	
0.004951	0.012428	0.002367	0.001110	0.001498	0.748179	0.125599	0.003252	0.014395	0.002317	0.000170	0.035742	0.003415	0.000614	0.000530	0.002015	0.000151	0.019780	0.009320	0.012169	
0.004251	0.003329	0.032086	0.006639	0.026728	0.003274	0.009495	0.024051	0.017469	0.018547	0.022313	0.023729	0.217223	0.085193	0.165284	0.236402	0.037889	0.029591	0.014513	0.021993	
0.001067	0.001139	0.008688	0.030693	0.092415	0.006109	0.022831	0.013720	0.027710	0.009917	0.014886	0.041726	0.090801	0.029991	0.207394	0.276601	0.050598	0.022402	0.022594	0.028719	
0.000838	0.001556	0.007400	0.030919	0.017638	0.000923	0.003802	0.013914	0.007650	0.034257	0.088190	0.003755	0.068716	0.238558	0.145707	0.072163	0.185315	0.008004	0.041793	0.028901	
0.000693	0.000605	0.003727	0.001419	0.039847	0.000853	0.001955	0.001842	0.001763	0.002190	0.001813	0.007740	0.190980	0.005140	0.082063	0.587245	0.004986	0.013294	0.024558	0.027287	
0.000501	0.001157	0.003825	0.018024	0.018327	0.000976	0.002446	0.011863	0.003547	0.056745	0.160224	0.004706	0.028132	0.146680	0.154462	0.079362	0.199950	0.018451	0.048300	0.042323	
0.001284	0.000801	0.002521	0.007306	0.050137	0.000795	0.002924	0.012539	0.004566	0.009881	0.038070	0.012220	0.042247	0.054790	0.297692	0.177015	0.105830	0.036213	0.071093	0.072077	
0.000767	0.000798	0.008950	0.009874	0.022243	0.001855	0.001535	0.174474	0.078568	0.022186	0.043446	0.083661	0.021986	0.121409	0.073077	0.036463	0.090677	0.047319	0.058615	0.102097	
0.009151	0.026685	0.043559	0.025913	0.023472	0.018443	0.020567	0.029681	0.037481	0.166768	0.063495	0.037829	0.097293	0.099562	0.044305	0.085071	0.032024	0.035580	0.049597	0.053524	
0.018881	0.018097	0.072316	0.011371	0.010178	0.004548	0.007341	0.007306	0.014903	0.103193	0.043565	0.028069	0.246707	0.050500	0.029777	0.139104	0.017018	0.058400	0.068822	0.049903	
0.015756	0.004208	0.014823	0.007342	0.015411	0.010664	0.012408	0.012158	0.048125	0.013364	0.008613	0.113876	0.034450	0.006422	0.014049	0.045937	0.006601	0.299728	0.166690	0.149376	
0.003129	0.002366	0.006254	0.011820	0.015288	0.017178	0.033762	0.022788	0.109269	0.027815	0.017368	0.211283	0.035865	0.016912	0.019454	0.048839	0.009671	0.241920	0.049516	0.099502	
0.003039	0.002059	0.007608	0.024635	0.047081	0.010847	0.018238	0.091821	0.113753	0.011046	0.022927	0.105611	0.036559	0.028039	0.052526	0.050238	0.037634	0.093403	0.082126	0.160808	
0.010804	0.008521	0.068859	0.032440	0.012656	0.008299	0.013473	0.068682	0.102333	0.064223	0.041161	0.085814	0.084837	0.120157	0.031846	0.051751	0.048303	0.053852	0.046639	0.045350	
0.009376	0.003838	0.009904	0.040869	0.041629	0.025697	0.271808	0.014842	0.079430	0.025117	0.026061	0.068708	0.028974	0.016445	0.047621	0.154631	0.030361	0.041961	0.032330	0.030398	
0.067970	0.093958	0.051206	0.002815	0.007665	0.444690	0.072689	0.008606	0.014155	0.043174	0.003997	0.033210	0.042228	0.010480	0.006075	0.016314	0.002589	0.035292	0.021102	0.021787	
0.005718	0.010696	0.020433	0.009190	0.018203	0.019226	0.017651	0.054888	0.088677	0.046877	0.026109	0.123917	0.124455	0.081525	0.052710	0.095100	0.023014	0.081221	0.035419	0.064971	
0.002442	0.003706	0.011121	0.009774	0.011959	0.003602	0.007105	0.033686	0.018485	0.099712	0.102113	0.018153	0.083742	0.206551	0.116081	0.098162	0.088985	0.021058	0.028375	0.035186	
0.001064	0.002151	0.010784	0.007119	0.011502	0.002028	0.002521	0.036866	0.019192	0.076474	0.126585	0.015758	0.044920	0.209582	0.125755	0.045394	0.196065	0.012146	0.016425	0.037668	
0.000080	0.000165	0.000559	0.012137	0.009736	0.000137	0.001093	0.003680	0.001394	0.011203	0.152905	0.000961	0.011207	0.095894	0.216565	0.030713	0.434516	0.001675	0.007205	0.008175	
0.000148	0.000248	0.002077	0.011953	0.015291	0.000185	0.000447	0.006933	0.002878	0.021897	0.116715	0.002503	0.012578	0.158138	0.153162	0.015299	0.455358	0.003227	0.007658	0.013306	
0.000557	0.001419	0.003623	0.046263	0.026082	0.000683	0.002632	0.005971	0.010892	0.053720	0.130268	0.005398	0.011227	0.156657	0.124720	0.007878	0.380888	0.003607	0.012955	0.014559	
0.001170	0.002388	0.006899	0.019915	0.026878	0.001301	0.002234	0.004558	0.007835	0.151069	0.173319	0.006087	0.031903	0.162613	0.124984	0.027439	0.200750	0.012261	0.017534	0.018863	
0.003171	0.006327	0.036367	0.023063	0.012874	0.002731	0.003665	0.017231	0.016793	0.135796	0.145650	0.013499	0.055271	0.260404	0.054004	0.016221	0.132401	0.010256	0.025106	0.029170	
0.003609	0.001854	0.009153	0.021282	0.030570	0.001623	0.004931	0.028038	0.019747	0.019591	0.087915	0.027260	0.024728	0.037175	0.067872	0.046353	0.111365	0.082228	0.203462	0.171246	
0.057415	0.006753	0.038724	0.011636	0.026215	0.021152	0.038954	0.035710	0.051835	0.045754	0.017489	0.126392	0.024050	0.013015	0.016663	0.035628	0.013527	0.201844	0.095814	0.121433	
0.002845	0.001256	0.005267	0.010287	0.010645	0.039229	0.046328	0.076947	0.228292	0.012384	0.009761	0.293625	0.007745	0.010195	0.007027	0.009704	0.006527	0.110236	0.032448	0.079251	
0.001600	0.002017	0.011927	0.018790	0.018438	0.006945	0.019861	0.145733	0.076760	0.040605	0.058627	0.047721	0.043242	0.154441	0.084828	0.035431	0.082379	0.036650	0.046587	0.067418	
0.004823	0.006390	0.008736	0.014327	0.010179	0.004144	0.010725	0.024860	0.011364	0.100469	0.130343	0.025101	0.093326	0.098487	0.057533	0.094877	0.049954	0.054189	0.077762	0.122410	
0.003453	0.008149	0.010229	0.012234	0.008123	0.002520	0.003792	0.016430	0.005112	0.239235	0.245707	0.007988	0.050300	0.116858	0.056761	0.042395	0.066306	0.022144	0.035029	0.047234	
0.000848	0.001881	0.009015	0.013470	0.008707	0.001415	0.001104	0.026046	0.010915	0.077122	0.175581	0.017834	0.024649	0.204034	0.078645	0.013449	0.247167	0.016799	0.027441	0.043878	
0.000662	0.000871	0.002271	0.021215	0.023222	0.001051	0.004070	0.014243	0.011451	0.031936	0.168596	0.011317	0.022464	0.121849	0.152445	0.040456	0.277996	0.016333	0.032694	0.044858	
0.002915	0.003226	0.007439	0.031943	0.052653	0.002644	0.008097	0.016807	0.006189	0.026870	0.083371	0.006359	0.048321	0.098274	0.227301	0.067100	0.227154	0.010286	0.036241	0.036810	
0.002882	0.004849	0.010577	0.040309	0.037072	0.005287	0.015780	0.010739	0.021864	0.120932	0.126576	0.011846	0.030350	0.159076	0.109887	0.031921	0.188829	0.013238	0.029780	0.028206	
0.003879	0.001955	0.006471	0.021728	0.021902	0.003481	0.013664	0.050077	0.024687	0.040864	0.128516	0.032979	0.031580	0.096052	0.094997	0.033527	0.151232	0.077879	0.069241	0.095287	
0.003318	0.004504	0.009516	0.023706	0.047587	0.008074	0.027528	0.027068	0.027740	0.069110	0.118041	0.041282	0.040174	0.092699	0.129309	0.075886	0.150034	0.046383	0.021058	0.036981	
0.000736	0.000540	0.002186	0.034261	0.035592	0.001081	0.005188	0.086488	0.020646	0.013094	0.083890	0.021832	0.010879	0.055690	0.126096	0.024405	0.219174	0.036346	0.090023	0.131853	
0.000890	0.001073	0.004167	0.098436	0.029839	0.000269	0.003512	0.004379	0.003638	0.021845	0.064203	0.001737	0.036063	0.082179	0.135629	0.104500	0.176097	0.006125	0.182429	0.042991	
0.004590	0.001974	0.011544	0.000679	0.013948	0.001962	0.003187	0.001397	0.002619	0.001153	0.000371	0.009027	0.187116	0.001412	0.010499	0.202123	0.000671	0.043341	0.314248	0.188139	
0.000740	0.000139	0.000338	0.000289	0.001026	0.000638	0.000964	0.004056	0.000992	0.000212	0.000331	0.003930	0.002010	0.000284	0.000997	0.004269	0.000301	0.082566	0.493450	0.402468	
0.001784	0.000479	0.000847	0.001080	0.001143	0.001979	0.002349	0.008637	0.005650	0.000501	0.000534	0.024079	0.001327	0.000432	0.000716	0.001273	0.000522	0.150531	0.376809	0.419327	
0.000673	0.000108	0.001035	0.000845	0.004070	0.000831	0.001428	0.017256	0.015517	0.000292	0.000423	0.083743	0.004544	0.000447	0.001703	0.008400	0.000601	0.338118	0.148581	0.371386	
0.001176	0.000213	0.002378	0.002900	0.005738	0.003128	0.018137	0.039976	0.136396	0.001466	0.001587	0.402190	0.011626	0.003092	0.004076	0.072056	0.001416	0.175416	0.037940	0.079091	
0.009524	0.012478	0.003491	0.001163	0.002051	0.654466	0.266834	0.002986	0.010065	0.001439	0.000151	0.017061	0.003298	0.000436	0.000459	0.001808	0.000126	0.005032	0.003099	0.004036	
0.009314	0.029456	0.078053	0.009347	0.010175	0.024551	0.022411	0.018561	0.029097	0.111050	0.030621	0.015885	0.227260	0.222240	0.046275	0.057677	0.025252	0.009916	0.009201	0.013658	
0.000823	0.001645	0.005010	0.015634	0.032438	0.000873	0.007614	0.005029	0.005164	0.053159	0.083270	0.005097	0.123189	0.142352	0.232980	0.151747	0.099526	0.007008	0.012644	0.014798	
0.000187	0.000456	0.001850	0.005916	0.007702	0.000224	0.000804	0.004571	0.003016	0.051387	0.234600	0.002070	0.021168	0.179170	0.149496	0.062859	0.261952	0.002958	0.003685	0.005928	
0.000150	0.000304	0.002491	0.026049	0.026564	0.000271	0.001115	0.005778	0.002066	0.020867	0.132750	0.002567	0.025869	0.116852	0.213837	0.022639	0.381909	0.002876	0.005322	0.009726	
0.000307	0.001612	0.003812	0.010629	0.016157	0.000463	0.001768	0.000605	0.001972	0.146773	0.113533	0.000905	0.026300	0.250650	0.163779	0.019810	0.238398	0.000523	0.000898	0.001106	
0.000639	0.001046	0.006386	0.018850	0.016280	0.000486	0.001891	0.006784	0.004326	0.066444	0.174555	0.003437	0.029041	0.224587	0.126681	0.008928	0.286886	0.004080	0.007297	0.011378	
0.000344	0.001223	0.002439	0.009477	0.014103	0.000467	0.001898	0.000761	0.001385	0.149447	0.214529	0.001016	0.022512	0.191216	0.122042	0.021295	0.239521	0.001230	0.002300	0.002796	
0.000480	0.001053	0.004822	0.007596	0.007190	0.000201	0.000943	0.002723	0.001674	0.084221	0.133319	0.001209	0.043933	0.378665	0.113620	0.012902	0.194136	0.001584	0.003736	0.005993	
0.000183	0.000378	0.001825	0.008041	0.018171	0.000263	0.000654	0.005110	0.002461	0.036764	0.138761	0.003561	0.025442	0.166687	0.188273	0.064234	0.255288	0.007672	0.044643	0.031590	
0.000487	0.000559	0.003243	0.008282	0.011532	0.000241	0.000402	0.021088	0.005675	0.030440	0.139513	0.005971	0.013871	0.213431	0.133716	0.016066	0.288214	0.009527	0.042404	0.055339	
0.002750	0.002898	0.043719	0.020901	0.038538	0.000680	0.003307	0.005048	0.008160	0.032672	0.052300	0.012380	0.249939	0.045608	0.081844	0.111803	0.061286	0.037977	0.087608	0.100582	
0.029807	0.002586	0.008638	0.001987	0.003292	0.004710	0.008344	0.017115	0.011947	0.015774	0.009721	0.057083	0.014842	0.003497	0.002606	0.015513	0.002664	0.453227	0.124039	0.212608	
0.001534	0.000159	0.001094	0.004917	0.004870	0.012757	0.108283	0.015395	0.213581	0.000946	0.000899	0.529839	0.001144	0.000360	0.001141	0.010638	0.000737	0.075405	0.004025	0.012278	
0.003398	0.007210	0.004504	0.000366	0.001282	0.847606	0.103947	0.001433	0.005396	0.001964	0.000083	0.009188	0.003732	0.000804	0.000822	0.002577	0.000124	0.002698	0.001195	0.001671	
0.001402	0.001818	0.012588	0.004290	0.024472	0.002652	0.006342	0.023192	0.010160	0.013059	0.021127	0.010930	0.140156	0.126514	0.286114	0.197076	0.063601	0.010170	0.016872	0.027464	
0.000793	0.001419	0.009500	0.007588	0.010938	0.000699	0.001918	0.019135	0.003569	0.065794	0.136963	0.006298	0.065720	0.229873	0.150588	0.114610	0.128500	0.007742	0.017039	0.021313	
0.002639	0.004270	0.016613	0.019008	0.012272	0.004282	0.008816	0.032668	0.016078	0.133859	0.154486	0.016973	0.061850	0.168009	0.079575	0.069691	0.101679	0.020957	0.031415	0.044861	
0.002389	0.004288	0.005840	0.022510	0.013605	0.003302	0.007359	0.016115	0.007220	0.115348	0.246490	0.012384	0.033650	0.138583	0.091495	0.034569	0.147687	0.019853	0.027060	0.050255	
0.005190	0.012783	0.011451	0.015513	0.011323	0.005853	0.007481	0.014032	0.007373	0.190639	0.202500	0.007952	0.025924	0.180764	0.076932	0.041314	0.152386	0.007985	0.010254	0.012351	
0.005308	0.009043	0.015118	0.015294	0.017320	0.004051	0.009619	0.034917	0.012560	0.081744	0.154040	0.014017	0.060713	0.184902	0.118721	0.051379	0.131054	0.023720	0.020619	0.035863	
0.003544	0.005164	0.016493	0.039510	0.019007	0.007053	0.014256	0.075159	0.042654	0.070526	0.128557	0.059967	0.045599	0.124752	0.063257	0.051068	0.098911	0.037365	0.034577	0.062579	
0.207781	0.479378	0.038262	0.005695	0.001593	0.009824	0.014818	0.001233	0.000360	0.106488	0.012334	0.000466	0.047401	0.019409	0.005473	0.015221	0.004198	0.002218	0.020977	0.006870	
0.000813	0.000412	0.006297	0.001140	0.036129	0.001614	0.001400	0.004128	0.009693	0.001129	0.001371	0.070722	0.178059	0.003496	0.059793	0.358358	0.004089	0.124773	0.053353	0.083232	
0.003651	0.007196	0.015215	0.015464	0.017857	0.006197	0.010028	0.014682	0.011173	0.129311	0.109239	0.008459	0.043398	0.215914	0.122074	0.079381	0.131815	0.010206	0.024629	0.024114	
0.001393	0.001525	0.004163	0.014244	0.063059	0.002316	0.006602	0.014878	0.007749	0.010880	0.049729	0.011397	0.035394	0.067150	0.319273	0.061434	0.229308	0.015844	0.035935	0.047727	
0.000430	0.000444	0.003793	0.034901	0.032604	0.000838	0.001659	0.020695	0.012782	0.019498	0.085545	0.009126	0.014076	0.118623	0.186300	0.039541	0.300423	0.013928	0.053300	0.051496	
0.007743	0.002882	0.023193	0.008576	0.017081	0.002663	0.003118	0.080727	0.020491	0.035658	0.027366	0.065463	0.072941	0.050590	0.049770	0.059612	0.030841	0.110319	0.122109	0.208858	
0.001890	0.003829	0.004802	0.051310	0.061541	0.010525	0.086891	0.007791	0.028359	0.057015	0.102006	0.032935	0.049201	0.037710	0.115039	0.137148	0.075822	0.036320	0.046684	0.053185	
0.009768	0.005271	0.022256	0.015228	0.024404	0.006000	0.011951	0.034786	0.018198	0.052177	0.087793	0.031868	0.067457	0.077769	0.072824	0.084881	0.064243	0.073478	0.092342	0.147306	
0.005407	0.004399	0.016587	0.045235	0.079474	0.007686	0.019381	0.032573	0.056986	0.038586	0.053262	0.044842	0.032158	0.054438	0.114675	0.048203	0.118990	0.042749	0.089197	0.095172	
0.002938	0.002588	0.005102	0.012441	0.015185	0.004461	0.005181	0.029211	0.023689	0.029114	0.052815	0.046002	0.019319	0.043125	0.039520	0.026436	0.047852	0.156478	0.220379	0.218166	
0.009571	0.003923	0.010280	0.021092	0.016843	0.006473	0.016761	0.024281	0.031803	0.020772	0.026886	0.061277	0.036080	0.020939	0.024499	0.042323	0.019959	0.111672	0.247001	0.247566	
0.021358	0.010056	0.019784	0.011845	0.010367	0.016539	0.030171	0.047217	0.026397	0.053327	0.043788	0.040159	0.039084	0.050088	0.023751	0.024905	0.020772	0.123124	0.163361	0.223907	
0.006082	0.003390	0.011390	0.049361	0.055251	0.014980	0.085605	0.034982	0.072099	0.026104	0.037305	0.094098	0.042781	0.028551	0.060624	0.060888	0.044672	0.083973	0.083261	0.104601	
0.002125	0.002239	0.009452	0.016680	0.035409	0.004574	0.011547	0.012518	0.010629	0.035012	0.072264	0.014223	0.074914	0.095415	0.195824	0.181603	0.118315	0.026978	0.036214	0.044065	
0.002908	0.003406	0.012702	0.021383	0.053479	0.003854	0.008000	0.026367	0.010487	0.059761	0.090725	0.020091	0.038536	0.109620	0.173173	0.054243	0.158388	0.031949	0.058166	0.062762	
0.001063	0.001070	0.008340	0.043432	0.067051	0.003134	0.004418	0.038951	0.070315	0.019138	0.071989	0.045514	0.018792	0.088302	0.106635	0.028278	0.204030	0.037547	0.058522	0.083478	
0.036150	0.024024	0.072769	0.008747	0.008444	0.007792	0.006094	0.044516	0.020687	0.098182	0.042542	0.028643	0.089386	0.114640	0.028600	0.044017	0.031316	0.042175	0.137639	0.113634	
0.018327	0.022571	0.040789	0.034870	0.036956	0.053421	0.118099	0.021011	0.060220	0.101761	0.059471	0.062558	0.052766	0.028549	0.029374	0.051967	0.030476	0.060748	0.052509	0.063557	
0.016068	0.005523	0.035384	0.013827	0.025026	0.012875	0.020453	0.025778	0.050904	0.047673	0.038127	0.077896	0.066537	0.037091	0.051605	0.123846	0.032017	0.135811	0.083611	0.099947	
0.015768	0.008496	0.005574	0.013147	0.017030	0.065389	0.121302	0.049752	0.106527	0.018126	0.014583	0.122669	0.022339	0.018988	0.018652	0.032103	0.009683	0.100909	0.097461	0.141501	
0.002008	0.003308	0.011174	0.020060	0.011810	0.002416	0.006986	0.021840	0.019531	0.149690	0.148855	0.017498	0.056136	0.178202	0.072653	0.035942	0.097145	0.032230	0.052143	0.060373	
0.001562	0.001524	0.004927	0.030301	0.022416	0.001802	0.005182	0.028250	0.012091	0.040558	0.131998	0.015289	0.021175	0.124292	0.113358	0.028575	0.238990	0.023642	0.077502	0.076565	
0.002392	0.001413	0.005659	0.011352	0.023099	0.001805	0.005470	0.023467	0.012296	0.041048	0.124760	0.016227	0.026304	0.147686	0.118246	0.040258	0.200090	0.043146	0.066817	0.088466	
0.003484	0.006276	0.014310	0.044765	0.032633	0.005120	0.006207	0.026945	0.021541	0.081100	0.099708	0.030528	0.032979	0.125102	0.087831	0.026351	0.151388	0.042121	0.081060	0.080550	
0.003442	0.004314	0.008454	0.021962	0.021708	0.005796	0.008540	0.050757	0.054383	0.047690	0.069300	0.045051	0.027886	0.090524	0.058780	0.034028	0.082231	0.073759	0.136952	0.154444	
0.006653	0.003657	0.019395	0.014367	0.019503	0.005400	0.008674	0.049406	0.046200	0.019953	0.027323	0.084377	0.040882	0.028770	0.029656	0.043187	0.034576	0.126189	0.180992	0.210839	
0.033134	0.023169	0.047052	0.037253	0.025825	0.024304	0.057643	0.029864	0.053154	0.073974	0.049646	0.066540	0.050469	0.030712	0.025477	0.041249	0.033511	0.116200	0.082066	0.098758	
0.005010	0.001005	0.005090	0.007557	0.013947	0.011376	0.069411	0.023694	0.075946	0.004356	0.004561	0.186397	0.043211	0.005548	0.014762	0.169048	0.004536	0.171187	0.070825	0.112531	
0.019578	0.040534	0.014938	0.004589	0.006449	0.569775	0.125898	0.008270	0.021385	0.011996	0.001466	0.038790	0.014796	0.003254	0.003378	0.007706	0.001218	0.030406	0.037313	0.038262	
0.005702	0.008500	0.022078	0.005812	0.020552	0.008259	0.010212	0.024411	0.019188	0.031117	0.022438	0.028344	0.166837	0.084770	0.078628	0.099401	0.024998	0.071374	0.113415	0.153965	
0.004338	0.003463	0.008188	0.014960	0.026242	0.003533	0.006388	0.020067	0.017324	0.056932	0.070461	0.026687	0.056961	0.073433	0.109552	0.090851	0.066703	0.055329	0.156071	0.132517	
0.004451	0.003474	0.009340	0.017671	0.020119	0.008605	0.021550	0.034763	0.024656	0.056981	0.081523	0.033467	0.030799	0.090372	0.063875	0.048910	0.075383	0.087868	0.132115	0.154076	
0.005197	0.004908	0.010765	0.012735	0.036089	0.005376	0.014123	0.029355	0.013851	0.033660	0.041587	0.026953	0.078865	0.068259	0.113309	0.127909	0.055405	0.067304	0.138014	0.116334	
0.002061	0.001396	0.004277	0.013141	0.025725	0.003063	0.003367	0.152098	0.030574	0.011071	0.041160	0.036426	0.010543	0.043357	0.083192	0.026575	0.112012	0.063660	0.138005	0.198297	
0.002274	0.004380	0.009791	0.019429	0.030444	0.005864	0.004718	0.065234	0.077006	0.071847	0.075530	0.047872	0.019310	0.126634	0.064837	0.036275	0.114274	0.039131	0.091388	0.093762	
0.008830	0.023023	0.050748	0.002814	0.002397	0.002584	0.002483	0.005159	0.004526	0.145641	0.040737	0.007629	0.276232	0.175932	0.021036	0.049361	0.016491	0.023751	0.079206	0.061422	
0.001272	0.000418	0.000696	0.002165	0.002139	0.000829	0.002562	0.003938	0.005765	0.001529	0.002555	0.012706	0.004963	0.001497	0.002919	0.008346	0.001490	0.087138	0.483994	0.373080	
0.001726	0.000207	0.000996	0.000601	0.001427	0.000850	0.001365	0.009149	0.006367	0.000435	0.000524	0.015755	0.002506	0.000459	0.000957	0.003733	0.000480	0.128117	0.357139	0.467206	
0.000780	0.000148	0.001032	0.005217	0.006001	0.001518	0.004848	0.011063	0.049033	0.000325	0.000330	0.064044	0.001541	0.000204	0.001287	0.003080	0.000640	0.138125	0.286078	0.424707	
0.000898	0.000089	0.000254	0.000310	0.001571	0.002363	0.005269	0.005015	0.013583	0.000060	0.000086	0.026556	0.000701	0.000100	0.000783	0.002533	0.000179	0.189259	0.331886	0.418504	
0.000882	0.000071	0.000236	0.000100	0.000328	0.000725	0.001128	0.008806	0.003046	0.000099	0.000067	0.027614	0.000776	0.000080	0.000163	0.001295	0.000044	0.314791	0.190453	0.449294	
0.000242	0.000037	0.000251	0.000457	0.002801	0.000878	0.001514	0.035623	0.023005	0.000068	0.000079	0.198647	0.000858	0.000106	0.000371	0.001895	0.000086	0.338756	0.093730	0.300596	
0.000349	0.000223	0.001439	0.536955	0.031672	0.000787	0.037441	0.005072	0.067204	0.002253	0.008314	0.014833	0.004471	0.004205	0.028990	0.026641	0.022975	0.011186	0.151234	0.043754	
0.000409	0.000022	0.000158	0.000024	0.001482	0.000353	0.000432	0.000615	0.002130	0.000016	0.000010	0.025468	0.002172	0.000013	0.000196	0.003528	0.000008	0.513896	0.159464	0.289603	
0.000446	0.000170	0.000695	0.000500	0.000717	0.001291	0.000513	0.020791	0.013691	0.000529	0.000325	0.082321	0.001208	0.000300	0.000254	0.000677	0.000157	0.370770	0.154089	0.350559	
0.000511	0.000284	0.000935	0.001028	0.002240	0.007742	0.007487	0.095803	0.084565	0.000289	0.000249	0.173903	0.002027	0.000861	0.001095	0.003477	0.000334	0.145134	0.159945	0.312088	
0.002284	0.000767	0.001717	0.002105	0.003168	0.002894	0.006917	0.008246	0.006259	0.001968	0.001417	0.025618	0.015240	0.001877	0.002924	0.020027	0.000694	0.168897	0.402657	0.324326	
0.002251	0.000639	0.003378	0.000889	0.006750	0.004271	0.004215	0.010881	0.014053	0.003379	0.001635	0.086008	0.021550	0.003524	0.005118	0.027220	0.000841	0.365592	0.122675	0.315133	
0.000854	0.001058	0.002462	0.003569	0.006521	0.005216	0.005300	0.107578	0.060635	0.015241	0.021350	0.137016	0.014686	0.028092	0.014416	0.016068	0.011772	0.144367	0.123198	0.280603	
0.000453	0.000795	0.005795	0.020012	0.017217	0.000804	0.002037	0.013380	0.007451	0.043143	0.137772	0.005564	0.031327	0.164272	0.146440	0.041318	0.237239	0.014350	0.057135	0.053496	
0.003248	0.001295	0.008004	0.004082	0.027618	0.001716	0.002358	0.088785	0.010033	0.006843	0.008926	0.022373	0.028005	0.021703	0.063533	0.041799	0.031071	0.065628	0.229344	0.333636	
0.001062	0.001384	0.001530	0.014344	0.016836	0.001393	0.003305	0.019999	0.016388	0.059541	0.236206	0.018365	0.006640	0.084582	0.064683	0.012463	0.209498	0.038135	0.098259	0.095387	
0.001631	0.001978	0.004577	0.028460	0.014159	0.001173	0.002119	0.017804	0.003803	0.056544	0.179580	0.006008	0.015431	0.112842	0.071717	0.013466	0.230089	0.027142	0.104014	0.107462	
0.000768	0.001072	0.004463	0.032998	0.055182	0.000911	0.003468	0.027095	0.022038	0.027341	0.093690	0.030270	0.019997	0.069493	0.154772	0.046910	0.204017	0.035637	0.079034	0.090844	
0.006281	0.006886	0.009451	0.040328	0.071677	0.007157	0.020868	0.025963	0.015585	0.055751	0.100693	0.015802	0.029567	0.082803	0.143564	0.043356	0.167322	0.028542	0.062472	0.065932	
0.005632	0.005303	0.014537	0.030076	0.047233	0.013080	0.025155	0.042575	0.087358	0.026087	0.028656	0.074353	0.055753	0.040697	0.062239	0.093124	0.043192	0.067444	0.110001	0.127504	
0.028627	0.036174	0.040152	0.031551	0.027604	0.013941	0.071950	0.009632	0.015458	0.136503	0.103554	0.016668	0.098892	0.065430	0.051051	0.079309	0.043102	0.034175	0.046247	0.049981	
0.007373	0.002138	0.007091	0.011410	0.020966	0.004354	0.011974	0.017892	0.034532	0.006629	0.010599	0.071647	0.031811	0.006655	0.020088	0.082993	0.008955	0.210443	0.217349	0.215103	
0.011045	0.003217	0.010941	0.013939	0.019167	0.022560	0.036886	0.019985	0.114942	0.007468	0.004310	0.181858	0.022282	0.004787	0.006871	0.023771	0.003730	0.184718	0.151715	0.155810	
0.005952	0.001770	0.011043	0.009649	0.009071	0.005526	0.014737	0.033563	0.041149	0.021986	0.014856	0.086357	0.044579	0.020990	0.015966	0.051496	0.009597	0.249650	0.152838	0.199225	
0.005361	0.002563	0.010534	0.032481	0.055319	0.024963	0.049746	0.042924	0.120925	0.016629	0.014733	0.188533	0.019513	0.013678	0.030677	0.021678	0.020964	0.156480	0.067913	0.104385	
0.004340	0.003632	0.010144	0.011983	0.036269	0.021169	0.038644	0.037848	0.081363	0.018695	0.016157	0.107261	0.059978	0.038562	0.066064	0.115337	0.023084	0.120268	0.071819	0.117384	
0.008109	0.005134	0.014175	0.011800	0.010753	0.012823	0.016052	0.083377	0.037235	0.035579	0.034056	0.081697	0.052952	0.049123	0.026559	0.042819	0.020173	0.152235	0.136871	0.168477	
0.003454	0.003567	0.006470	0.014618	0.014312	0.004034	0.018567	0.017225	0.020431	0.164260	0.185764	0.035377	0.038130	0.096017	0.049108	0.059212	0.062464	0.063582	0.057681	0.085726	
0.004018	0.004710	0.007434	0.018404	0.013775	0.003984	0.005742	0.030841	0.016671	0.114057	0.161420	0.023888	0.031206	0.127674	0.067092	0.028610	0.101989	0.052896	0.086144	0.099445	
0.001599	0.002982	0.004778	0.019470	0.041968	0.003990	0.008371	0.034442	0.017069	0.056220	0.125393	0.020904	0.024064	0.139456	0.134433	0.036851	0.205612	0.032543	0.033903	0.055952	
0.001877	0.002495	0.010423	0.030907	0.035988	0.001756	0.004748	0.039752	0.030818	0.078587	0.139953	0.033649	0.034784	0.141345	0.099656	0.052653	0.152729	0.032543	0.031516	0.043821	
0.005877	0.014840	0.025890	0.034789	0.030103	0.005503	0.016406	0.009244	0.013809	0.119277	0.100793	0.012371	0.104494	0.116474	0.103227	0.121749	0.101969	0.014886	0.027483	0.020817	
0.005744	0.002749	0.015387	0.004897	0.022429	0.005148	0.008542	0.016196	0.037404	0.011758	0.007821	0.111882	0.109349	0.014784	0.022335	0.119572	0.007870	0.205939	0.113717	0.156476	
0.007285	0.004154	0.019508	0.012559	0.028539	0.016983	0.020218	0.039108	0.099852	0.031247	0.014291	0.218876	0.047967	0.014407	0.017246	0.044183	0.010309	0.203463	0.056102	0.093704	
0.003373	0.003662	0.014841	0.061207	0.020186	0.004454	0.033587	0.007613	0.021953	0.031482	0.029033	0.023364	0.164460	0.044960	0.073219	0.248134	0.032875	0.038206	0.089260	0.054131	
0.003490	0.000497	0.005653	0.003065	0.015869	0.003195	0.006988	0.004385	0.010868	0.001156	0.001128	0.026360	0.072502	0.001598	0.009517	0.080797	0.001313	0.180786	0.319006	0.251826	
0.002199	0.000714	0.003838	0.001334	0.004960	0.006073	0.007751	0.024566	0.036167	0.002969	0.001796	0.147661	0.024440	0.004306	0.004337	0.020683	0.001237	0.313944	0.148467	0.242559	
0.002402	0.001918	0.005669	0.029343	0.012143	0.006981	0.015827	0.090726	0.048835	0.010623	0.022022	0.086507	0.019242	0.025339	0.022875	0.016663	0.022158	0.180513	0.138896	0.241320	
0.003915	0.001536	0.006841	0.010677	0.021176	0.006336	0.027067	0.055653	0.083752	0.003926	0.005314	0.111873	0.039880	0.012512	0.028565	0.119880	0.008371	0.109853	0.178248	0.164624	
0.013940	0.007807	0.011410	0.013426	0.025219	0.019141	0.058799	0.019973	0.041048	0.015200	0.017849	0.094078	0.054768	0.019066	0.029207	0.143780	0.015250	0.155965	0.110453	0.133620	
0.069253	0.040028	0.021745	0.004720	0.010852	0.192941	0.072343	0.016384	0.035742	0.005543	0.001118	0.119355	0.021425	0.001769	0.003528	0.027573	0.001006	0.140151	0.111951	0.102571	
