0.049180	0.065685	0.060659	0.017955	0.021323	0.049591	0.052404	0.023196	0.030037	0.073151	0.031259	0.034635	0.120608	0.047830	0.039763	0.093819	0.023733	0.048033	0.062338	0.054803	
0.021599	0.009368	0.015393	0.016234	0.036631	0.016227	0.022287	0.024030	0.041652	0.020369	0.023936	0.062693	0.044827	0.021078	0.041671	0.080490	0.027558	0.176677	0.137853	0.159427	
0.012958	0.002707	0.015699	0.005719	0.020682	0.012847	0.017072	0.018294	0.103468	0.011596	0.005677	0.272521	0.025476	0.008057	0.011508	0.030565	0.005740	0.304119	0.034333	0.080962	
0.002274	0.001535	0.004872	0.017183	0.022774	0.020929	0.039710	0.027629	0.266955	0.006054	0.004821	0.360896	0.013014	0.005611	0.007859	0.016054	0.004561	0.127028	0.011988	0.038250	
0.000525	0.000687	0.005487	0.061344	0.021250	0.000646	0.016749	0.004648	0.011319	0.013247	0.027039	0.007703	0.154134	0.072797	0.186820	0.309015	0.065836	0.009547	0.017633	0.013569	
0.001304	0.001114	0.007838	0.002312	0.032848	0.005342	0.005401	0.007321	0.021460	0.005244	0.002964	0.104324	0.201077	0.010311	0.035775	0.255802	0.003876	0.154834	0.054642	0.086213	
0.000590	0.000810	0.004160	0.009545	0.017216	0.001427	0.005110	0.012705	0.009144	0.036086	0.116395	0.013439	0.074198	0.154595	0.174090	0.164781	0.132123	0.024754	0.020132	0.028700	
0.000839	0.001167	0.005172	0.014896	0.046312	0.002292	0.010981	0.015315	0.009694	0.015881	0.035423	0.023780	0.109967	0.068395	0.227781	0.256217	0.071079	0.028667	0.021599	0.034542	
0.000411	0.000676	0.007531	0.019458	0.046762	0.000981	0.002958	0.017141	0.017603	0.012353	0.041652	0.020772	0.106947	0.109986	0.208320	0.199331	0.112433	0.019194	0.024382	0.031108	
0.006017	0.006974	0.024241	0.007454	0.033993	0.004011	0.008695	0.022579	0.014073	0.029632	0.022391	0.033031	0.234236	0.040764	0.068110	0.233518	0.019325	0.049409	0.061734	0.079815	
0.001629	0.002346	0.005386	0.122239	0.022808	0.000589	0.024342	0.002108	0.004936	0.042294	0.086667	0.002275	0.065242	0.035598	0.138255	0.281741	0.094230	0.005055	0.045367	0.016893	
0.002981	0.000460	0.002729	0.000730	0.018025	0.003535	0.003241	0.001933	0.008976	0.000758	0.000359	0.088491	0.024036	0.000361	0.003201	0.039934	0.000362	0.450691	0.150491	0.198705	
0.000871	0.000361	0.002011	0.004482	0.008641	0.006840	0.009688	0.035823	0.147499	0.002272	0.002191	0.290043	0.007836	0.003636	0.004513	0.010587	0.002369	0.179748	0.091620	0.188969	
0.003150	0.001428	0.010392	0.005052	0.004571	0.001910	0.006772	0.022224	0.013807	0.009893	0.006849	0.023391	0.070538	0.015113	0.016286	0.060774	0.006299	0.094794	0.314469	0.312289	
0.001805	0.000663	0.001019	0.000436	0.001370	0.003639	0.002899	0.005568	0.003515	0.001566	0.000737	0.020089	0.007056	0.000887	0.001453	0.006212	0.000409	0.162187	0.367610	0.410879	
0.000139	0.000062	0.000383	0.000454	0.001548	0.000756	0.000984	0.013366	0.023870	0.000218	0.000295	0.050028	0.002565	0.000681	0.001394	0.003809	0.000548	0.096872	0.306043	0.495986	
0.000515	0.000087	0.000206	0.000105	0.000181	0.000197	0.000321	0.002030	0.001039	0.000256	0.000169	0.003268	0.000954	0.000186	0.000184	0.001277	0.000092	0.046069	0.602184	0.340681	
0.000131	0.000015	0.000047	0.000048	0.000150	0.000601	0.000453	0.003016	0.003569	0.000026	0.000018	0.011139	0.000108	0.000023	0.000039	0.000111	0.000021	0.068249	0.414335	0.497902	
0.000056	0.000011	0.000066	0.000018	0.000071	0.000201	0.000133	0.007263	0.002514	0.000021	0.000014	0.006976	0.000222	0.000037	0.000062	0.000175	0.000021	0.049535	0.353292	0.579312	
0.000036	0.000013	0.000015	0.000015	0.000037	0.000120	0.000058	0.006818	0.000552	0.000023	0.000032	0.002120	0.000075	0.000045	0.000052	0.000102	0.000032	0.033753	0.466942	0.489160	
0.000021	0.000004	0.000013	0.000020	0.000050	0.000030	0.000019	0.006255	0.000603	0.000008	0.000028	0.002420	0.000043	0.000046	0.000087	0.000122	0.000082	0.029089	0.536478	0.424581	
0.000072	0.000009	0.000025	0.000027	0.000105	0.000035	0.000031	0.002228	0.000288	0.000011	0.000025	0.002274	0.000113	0.000023	0.000098	0.000370	0.000042	0.050635	0.551486	0.392102	
0.000250	0.000041	0.000224	0.000060	0.000321	0.000383	0.000184	0.012574	0.002940	0.000097	0.000093	0.044370	0.000681	0.000084	0.000151	0.000927	0.000054	0.399839	0.131694	0.405032	
0.000352	0.000191	0.000771	0.002045	0.004004	0.002368	0.002635	0.088801	0.067417	0.000415	0.000561	0.276172	0.001814	0.000480	0.001132	0.002873	0.000574	0.268792	0.059795	0.218808	
0.001738	0.001433	0.006370	0.024073	0.007439	0.001107	0.007455	0.027812	0.009253	0.009020	0.022020	0.010506	0.070563	0.058123	0.074473	0.137123	0.044028	0.043090	0.294325	0.150048	
0.001218	0.000523	0.003133	0.001168	0.061126	0.003344	0.005694	0.010956	0.008693	0.000477	0.000503	0.067795	0.067925	0.001162	0.022991	0.201231	0.001265	0.246751	0.097495	0.196550	
0.001426	0.001463	0.006181	0.018398	0.011584	0.009615	0.009851	0.140993	0.176242	0.009427	0.017362	0.197049	0.012661	0.025706	0.017160	0.016806	0.022732	0.093967	0.075711	0.135667	
0.024337	0.019592	0.009018	0.041160	0.003466	0.004313	0.033376	0.006111	0.003219	0.030398	0.014662	0.003830	0.066337	0.021906	0.015079	0.073983	0.008254	0.025392	0.493204	0.102363	
0.000602	0.000250	0.003269	0.000476	0.018244	0.001923	0.001713	0.003164	0.011818	0.001313	0.000688	0.112610	0.091845	0.001378	0.008681	0.121169	0.000629	0.381650	0.076642	0.161934	
0.003609	0.004650	0.011608	0.011999	0.037819	0.015029	0.020925	0.048114	0.046940	0.065410	0.054829	0.095392	0.040529	0.049360	0.056338	0.047442	0.039128	0.135832	0.067551	0.147496	
0.000773	0.000600	0.005326	0.009418	0.020592	0.001905	0.004852	0.163409	0.051314	0.008707	0.038565	0.051122	0.022623	0.062151	0.091308	0.052226	0.089466	0.065980	0.099603	0.160059	
0.002384	0.001377	0.006446	0.057740	0.032739	0.001651	0.022671	0.044224	0.085044	0.014554	0.054479	0.042826	0.022866	0.036893	0.061734	0.150108	0.086516	0.037775	0.134952	0.103020	
0.208449	0.084511	0.018426	0.000649	0.002523	0.266282	0.029219	0.003804	0.004555	0.005882	0.000339	0.028065	0.008828	0.000415	0.000502	0.004285	0.000140	0.096908	0.129200	0.107019	
0.002496	0.000761	0.004998	0.002710	0.006102	0.012051	0.016507	0.043553	0.103132	0.005159	0.002800	0.144199	0.013301	0.005158	0.004556	0.011220	0.002289	0.185069	0.146201	0.287736	
0.000684	0.000476	0.001692	0.003042	0.005913	0.002351	0.005529	0.067129	0.022293	0.004607	0.008549	0.036677	0.012422	0.011724	0.020419	0.016601	0.011497	0.095281	0.244200	0.428912	
0.000361	0.000309	0.001486	0.004661	0.012332	0.001342	0.003169	0.020027	0.014987	0.006119	0.019921	0.016946	0.013347	0.027907	0.042865	0.022010	0.042030	0.049897	0.344688	0.355597	
0.000135	0.000058	0.000320	0.000550	0.002292	0.000198	0.000356	0.014228	0.001957	0.000527	0.002082	0.004399	0.003004	0.003320	0.008798	0.003686	0.006490	0.033483	0.441738	0.472378	
0.000252	0.000234	0.000546	0.000679	0.001227	0.000970	0.000559	0.007763	0.004975	0.002467	0.002327	0.008080	0.002024	0.004087	0.002511	0.001208	0.003084	0.039454	0.512056	0.405498	
0.000307	0.000193	0.000278	0.000237	0.000273	0.000265	0.000145	0.005828	0.000875	0.001253	0.001696	0.002476	0.001032	0.001887	0.000935	0.000634	0.001388	0.033403	0.551731	0.395162	
0.000653	0.000516	0.000699	0.000834	0.001428	0.000630	0.000761	0.008132	0.002816	0.003785	0.004858	0.006459	0.002544	0.003544	0.002916	0.002983	0.003744	0.051125	0.515188	0.386384	
0.000651	0.000263	0.000402	0.000799	0.001817	0.000638	0.001018	0.006741	0.003120	0.001573	0.002448	0.012179	0.001982	0.001196	0.002328	0.003191	0.001833	0.119418	0.391621	0.446783	
0.000435	0.000104	0.000791	0.001051	0.003063	0.000742	0.001137	0.030989	0.019730	0.001447	0.003537	0.103468	0.003155	0.002629	0.003385	0.005438	0.003021	0.382808	0.105013	0.328054	
0.001650	0.001109	0.003279	0.006861	0.020575	0.008633	0.018559	0.046210	0.062991	0.005234	0.004546	0.286657	0.016280	0.004657	0.008952	0.021536	0.003308	0.277945	0.054727	0.146290	
0.000215	0.000379	0.003814	0.034008	0.011758	0.000191	0.003417	0.010717	0.008060	0.004483	0.017115	0.005333	0.134607	0.071866	0.164134	0.321391	0.059971	0.008040	0.101866	0.038636	
0.002469	0.001809	0.012055	0.001157	0.025301	0.001496	0.002116	0.001780	0.003781	0.001321	0.000469	0.014681	0.279226	0.001804	0.016705	0.424598	0.000790	0.046822	0.099958	0.061662	
0.018778	0.004135	0.014427	0.002449	0.007344	0.017826	0.010122	0.007673	0.015106	0.010663	0.003270	0.053749	0.026918	0.003433	0.004680	0.016438	0.002019	0.284653	0.251207	0.245107	
0.001893	0.000318	0.001456	0.003505	0.006393	0.007406	0.019466	0.044554	0.056717	0.005106	0.008362	0.151016	0.004956	0.005835	0.006042	0.010621	0.005491	0.432436	0.053862	0.174564	
0.001312	0.000345	0.002870	0.003551	0.005264	0.003711	0.021315	0.077804	0.176158	0.002567	0.003723	0.389982	0.008625	0.005313	0.008387	0.045956	0.004067	0.144687	0.024955	0.069407	
0.019185	0.050257	0.014923	0.002576	0.002976	0.671645	0.139899	0.003734	0.007840	0.013990	0.001002	0.014596	0.017489	0.004551	0.002015	0.007199	0.000627	0.013795	0.005438	0.006262	
0.000830	0.000815	0.007517	0.013324	0.043764	0.001808	0.008621	0.021680	0.029799	0.026066	0.048569	0.078407	0.103691	0.085335	0.155499	0.115109	0.065640	0.090959	0.033175	0.069392	
0.000148	0.000188	0.001040	0.005486	0.095280	0.000451	0.002851	0.002501	0.001840	0.003239	0.016550	0.002412	0.032712	0.023749	0.418860	0.286870	0.076695	0.004704	0.013234	0.011192	
0.001278	0.000693	0.010869	0.001122	0.001715	0.002175	0.000552	0.371215	0.083239	0.005565	0.002965	0.141498	0.006801	0.009191	0.002204	0.002787	0.002869	0.092372	0.049504	0.211387	
0.001248	0.005611	0.001658	0.006211	0.001837	0.001826	0.006944	0.001014	0.001720	0.596291	0.286163	0.002539	0.010195	0.033683	0.007680	0.008906	0.013140	0.005122	0.003257	0.004955	
0.007754	0.014183	0.012015	0.021899	0.003707	0.002580	0.006572	0.004369	0.005332	0.365065	0.305924	0.005103	0.026921	0.103457	0.012920	0.016327	0.046130	0.010825	0.012316	0.016601	
0.000771	0.001201	0.003830	0.027223	0.022370	0.001154	0.010155	0.005154	0.006690	0.125001	0.287892	0.005722	0.031118	0.129079	0.095992	0.028781	0.167824	0.009659	0.016612	0.023771	
0.000489	0.000995	0.003390	0.012656	0.021705	0.000750	0.002612	0.005619	0.004339	0.052400	0.191470	0.003590	0.030493	0.146906	0.168069	0.040589	0.266081	0.006760	0.019260	0.021827	
0.000148	0.000170	0.001904	0.009515	0.007684	0.000191	0.000567	0.014797	0.004845	0.028054	0.192564	0.004294	0.008806	0.172934	0.094906	0.009797	0.385909	0.007498	0.026058	0.029358	
0.001353	0.002574	0.008262	0.008746	0.009413	0.001096	0.002425	0.008143	0.003805	0.173136	0.228663	0.006284	0.041244	0.193574	0.077337	0.022172	0.153721	0.014879	0.017325	0.025851	
0.000689	0.001038	0.002957	0.021162	0.018514	0.001158	0.003182	0.017770	0.009119	0.069768	0.214192	0.020615	0.020313	0.120745	0.107724	0.028553	0.207733	0.036163	0.042724	0.055881	
0.000194	0.000262	0.004431	0.054041	0.040004	0.000273	0.002082	0.015508	0.025624	0.011239	0.086136	0.011733	0.017976	0.103370	0.167044	0.033022	0.386952	0.006801	0.016262	0.017046	
0.003897	0.001994	0.004990	0.002201	0.011414	0.001631	0.020604	0.002915	0.003611	0.005720	0.005050	0.008740	0.106775	0.006357	0.036503	0.713873	0.004750	0.017022	0.021793	0.020161	
0.029496	0.038579	0.014514	0.002768	0.003478	0.686070	0.066524	0.006060	0.018173	0.012325	0.001415	0.050722	0.006737	0.001955	0.000968	0.003078	0.000575	0.035503	0.008255	0.012803	
0.012302	0.015255	0.039669	0.007316	0.023241	0.018735	0.027111	0.033165	0.039064	0.054271	0.020610	0.068970	0.210014	0.045374	0.041380	0.152892	0.011027	0.087207	0.031500	0.060900	
0.001248	0.001286	0.014596	0.009255	0.015959	0.001839	0.004534	0.064950	0.052841	0.050540	0.093576	0.046160	0.060998	0.174722	0.102015	0.110456	0.099885	0.035798	0.022130	0.037213	
0.098947	0.310333	0.055257	0.004661	0.004651	0.110078	0.024774	0.006214	0.005106	0.222212	0.026166	0.007088	0.034134	0.035339	0.008215	0.012856	0.007618	0.009652	0.008784	0.007915	
0.001306	0.000895	0.009395	0.008513	0.014463	0.001533	0.003381	0.055244	0.037082	0.034921	0.107165	0.040310	0.055406	0.149769	0.116046	0.081560	0.134197	0.054202	0.032568	0.062044	
0.006528	0.008984	0.014885	0.014449	0.015239	0.016292	0.012537	0.074750	0.030726	0.125277	0.122777	0.045810	0.027782	0.156162	0.059832	0.026965	0.095882	0.058925	0.033188	0.053012	
0.001549	0.002350	0.007101	0.020703	0.029152	0.004011	0.013669	0.040556	0.033916	0.042146	0.126225	0.036635	0.040974	0.136448	0.135693	0.078971	0.168023	0.024722	0.021284	0.035873	
0.000789	0.000828	0.002510	0.123562	0.054463	0.000157	0.011408	0.000870	0.001242	0.016770	0.084359	0.000811	0.038992	0.019920	0.215238	0.256132	0.143614	0.002969	0.017209	0.008158	
0.001992	0.000314	0.004843	0.000564	0.015221	0.003453	0.001392	0.002954	0.013548	0.001308	0.000548	0.143143	0.043767	0.001345	0.005815	0.047392	0.000785	0.485340	0.088990	0.137286	
0.001227	0.000547	0.003274	0.017514	0.021621	0.015404	0.032771	0.054295	0.332342	0.005550	0.006505	0.314605	0.004418	0.005766	0.007100	0.005684	0.007085	0.099279	0.015691	0.049324	
0.001282	0.001263	0.012915	0.010681	0.012789	0.002610	0.010297	0.060448	0.036282	0.036824	0.053613	0.040366	0.119193	0.111790	0.098986	0.174612	0.050921	0.064261	0.035398	0.065470	
0.007134	0.006640	0.019042	0.012958	0.015618	0.014254	0.017388	0.039331	0.031603	0.104868	0.084716	0.043516	0.057861	0.160479	0.058624	0.048443	0.064939	0.060977	0.075424	0.076183	
0.003709	0.007096	0.013169	0.016050	0.023178	0.005257	0.012081	0.021413	0.023060	0.105033	0.126358	0.022721	0.068186	0.169068	0.100935	0.075036	0.097347	0.031877	0.036842	0.041584	
0.002857	0.003917	0.036701	0.012799	0.016997	0.002770	0.004840	0.032588	0.064432	0.123308	0.098334	0.049845	0.094499	0.182786	0.058383	0.078023	0.064792	0.033617	0.014738	0.023773	
0.139211	0.066885	0.190019	0.010536	0.022507	0.059173	0.060788	0.009104	0.041828	0.068556	0.009087	0.048393	0.089742	0.011125	0.011435	0.037024	0.005720	0.055354	0.029503	0.034009	
0.010161	0.002441	0.005253	0.005822	0.006012	0.033137	0.038426	0.027815	0.091334	0.012983	0.008220	0.169546	0.008300	0.006592	0.003808	0.009658	0.003954	0.403071	0.045730	0.107737	
0.002755	0.000806	0.006811	0.003444	0.004260	0.006417	0.017274	0.032014	0.162872	0.005652	0.003111	0.420896	0.014967	0.005727	0.004909	0.033055	0.002456	0.208173	0.018518	0.045882	
0.024527	0.051750	0.009246	0.001774	0.002180	0.728175	0.084849	0.003863	0.014380	0.010202	0.000799	0.027155	0.008582	0.002725	0.000963	0.004026	0.000404	0.015527	0.003716	0.005157	
0.001039	0.000698	0.013727	0.004734	0.017224	0.000993	0.005077	0.017473	0.015330	0.014505	0.022194	0.028934	0.235006	0.091330	0.152153	0.282452	0.036953	0.029299	0.010130	0.020747	
0.000884	0.001379	0.004352	0.023928	0.081335	0.003989	0.037040	0.009132	0.014202	0.010891	0.021944	0.016618	0.080844	0.035402	0.241285	0.333628	0.056102	0.009358	0.007692	0.009995	
0.000117	0.000195	0.001897	0.046809	0.021675	0.000209	0.002913	0.006616	0.011104	0.014171	0.111823	0.004631	0.030321	0.129681	0.211857	0.093861	0.295929	0.003216	0.006540	0.006435	
0.000902	0.001314	0.007238	0.002535	0.031022	0.002477	0.005521	0.003139	0.002923	0.007216	0.005530	0.011679	0.277236	0.017417	0.100212	0.466108	0.009971	0.016969	0.014025	0.016564	
0.000242	0.000398	0.002233	0.016042	0.016264	0.000431	0.001292	0.007349	0.003773	0.036588	0.233423	0.004394	0.016823	0.115441	0.139467	0.045507	0.329656	0.007864	0.010149	0.012665	
0.000179	0.000223	0.001796	0.002452	0.053606	0.000320	0.001530	0.003023	0.001222	0.003231	0.010208	0.003525	0.076341	0.022798	0.363846	0.380753	0.049740	0.006652	0.008880	0.009674	
0.000547	0.000552	0.012817	0.011163	0.018577	0.002402	0.001658	0.233530	0.149749	0.009659	0.026623	0.112611	0.018646	0.086811	0.059745	0.021609	0.098266	0.039865	0.029195	0.065976	
0.016046	0.034355	0.030750	0.012399	0.011365	0.016765	0.017182	0.015705	0.013966	0.349862	0.132647	0.017676	0.064297	0.111253	0.025696	0.037572	0.031028	0.023988	0.016970	0.020480	
0.012998	0.013792	0.058217	0.019277	0.006713	0.003563	0.007349	0.012771	0.020845	0.143412	0.072880	0.022835	0.191208	0.128835	0.033066	0.094975	0.032613	0.038613	0.050603	0.035437	
0.007224	0.002170	0.008006	0.007442	0.027090	0.008473	0.028053	0.009822	0.031633	0.017748	0.012063	0.083802	0.059513	0.009444	0.028313	0.124525	0.008841	0.257972	0.119619	0.148247	
0.004246	0.004154	0.011792	0.009697	0.019673	0.023964	0.029683	0.013775	0.059755	0.059640	0.029479	0.187039	0.081565	0.026572	0.022698	0.080166	0.009340	0.240326	0.024081	0.062356	
0.001432	0.000802	0.006497	0.007396	0.019992	0.003545	0.006261	0.158448	0.097609	0.007490	0.020685	0.136271	0.033902	0.028469	0.043702	0.065479	0.029243	0.128244	0.053629	0.150905	
0.006232	0.007586	0.030405	0.038540	0.022611	0.008308	0.023727	0.064104	0.089537	0.100766	0.092487	0.053506	0.047975	0.132507	0.057739	0.054551	0.082897	0.035513	0.020801	0.030209	
0.010640	0.004994	0.009716	0.062312	0.049071	0.013699	0.179648	0.018375	0.144580	0.019960	0.027100	0.102557	0.026862	0.012542	0.031078	0.153182	0.023386	0.049834	0.025989	0.034475	
0.105270	0.088997	0.028045	0.001698	0.003036	0.496694	0.073441	0.005493	0.012119	0.018009	0.001294	0.029470	0.021710	0.002747	0.001526	0.009449	0.000518	0.044460	0.029034	0.026991	
0.010173	0.010380	0.026817	0.006123	0.014128	0.022460	0.020756	0.038289	0.059048	0.036244	0.015502	0.098076	0.141995	0.041311	0.026418	0.077595	0.010003	0.122716	0.084223	0.137743	
0.000788	0.000978	0.004589	0.007941	0.018166	0.001486	0.003792	0.026611	0.012263	0.036376	0.112747	0.015044	0.055920	0.113444	0.167940	0.106735	0.135654	0.032943	0.059701	0.086881	
0.000846	0.001055	0.006269	0.011361	0.013451	0.001421	0.002914	0.051967	0.017955	0.049499	0.127516	0.017145	0.026471	0.166896	0.100080	0.028314	0.204640	0.025118	0.058437	0.088645	
0.000045	0.000045	0.000280	0.010545	0.009266	0.000085	0.000521	0.008102	0.002543	0.006953	0.160867	0.003290	0.004076	0.064065	0.151846	0.012406	0.471597	0.009122	0.037940	0.046405	
0.000163	0.000191	0.002035	0.018911	0.023318	0.000237	0.000668	0.008909	0.004623	0.014178	0.111305	0.005375	0.007117	0.098616	0.127960	0.009664	0.500362	0.008068	0.028935	0.029364	
0.000443	0.000569	0.004015	0.041573	0.084332	0.000742	0.005794	0.005836	0.007607	0.018655	0.067086	0.007181	0.029177	0.074071	0.254180	0.028720	0.303800	0.009539	0.029138	0.027543	
0.000603	0.000949	0.007189	0.011336	0.040501	0.001603	0.004893	0.014407	0.014805	0.043563	0.080175	0.018911	0.078706	0.130486	0.190192	0.091500	0.140298	0.028317	0.045333	0.056231	
0.002722	0.006894	0.017715	0.013338	0.014411	0.005410	0.006435	0.025794	0.011298	0.135644	0.145344	0.013405	0.046640	0.207286	0.084857	0.032868	0.130642	0.016245	0.045671	0.037381	
0.001044	0.000434	0.004303	0.022619	0.040154	0.000461	0.001541	0.037011	0.021345	0.009042	0.087116	0.020092	0.011950	0.036060	0.093731	0.038956	0.219834	0.053636	0.151342	0.149330	
0.081349	0.013878	0.072527	0.010924	0.021017	0.025753	0.031050	0.052300	0.046920	0.057901	0.020375	0.113416	0.028312	0.021907	0.017962	0.023143	0.017590	0.153640	0.080827	0.109208	
0.002838	0.001541	0.004542	0.009024	0.008792	0.023439	0.035040	0.079525	0.222535	0.014348	0.010275	0.310536	0.007417	0.009848	0.005074	0.010348	0.004885	0.144803	0.026678	0.068511	
0.001502	0.001782	0.010731	0.015303	0.030188	0.010870	0.037386	0.110493	0.100459	0.013468	0.021476	0.066556	0.073503	0.066106	0.111226	0.117875	0.046256	0.039170	0.048499	0.077151	
0.009622	0.013165	0.012301	0.011405	0.009093	0.011119	0.017508	0.019756	0.011033	0.126126	0.081848	0.017854	0.074531	0.066879	0.035086	0.062145	0.029098	0.066390	0.160563	0.164476	
0.003760	0.003360	0.005658	0.004157	0.008491	0.004564	0.006214	0.020244	0.008425	0.087673	0.104420	0.024549	0.049597	0.065547	0.046659	0.045059	0.043202	0.104484	0.138090	0.225846	
0.000817	0.000754	0.003274	0.031811	0.018520	0.001677	0.003786	0.044347	0.025706	0.032696	0.134386	0.028099	0.008676	0.084907	0.081126	0.012437	0.241701	0.038087	0.089730	0.117462	
0.000736	0.000909	0.005271	0.017314	0.040294	0.001271	0.004644	0.012665	0.017040	0.036681	0.105223	0.024502	0.050375	0.135309	0.150073	0.056969	0.180163	0.034580	0.052075	0.073906	
0.000523	0.000597	0.002794	0.010358	0.038207	0.001080	0.006551	0.016154	0.008030	0.012813	0.053820	0.014073	0.064851	0.071600	0.248876	0.167496	0.118802	0.024981	0.061967	0.076428	
0.007745	0.017138	0.021045	0.009460	0.009510	0.012451	0.007953	0.022819	0.010401	0.237871	0.143949	0.010269	0.035582	0.204856	0.044007	0.020035	0.089674	0.017741	0.042616	0.034879	
0.001230	0.001298	0.004906	0.014510	0.020111	0.002211	0.005997	0.034241	0.014739	0.050210	0.138551	0.024641	0.047194	0.143384	0.128593	0.047445	0.148768	0.048400	0.049345	0.074227	
0.001093	0.001506	0.004225	0.010249	0.022535	0.002785	0.005898	0.042920	0.016867	0.060004	0.146840	0.032292	0.026712	0.136240	0.135598	0.047334	0.166824	0.052393	0.028915	0.058768	
0.000299	0.000356	0.001534	0.038887	0.051157	0.000641	0.003163	0.029599	0.016221	0.009062	0.090925	0.020928	0.008871	0.062166	0.185296	0.024952	0.366283	0.019154	0.028979	0.041525	
0.000225	0.000522	0.002475	0.043390	0.025495	0.000245	0.002620	0.003567	0.002482	0.007425	0.037178	0.002069	0.085665	0.098097	0.274265	0.157828	0.167346	0.004109	0.061134	0.023862	
0.001637	0.002779	0.021188	0.000617	0.009543	0.001171	0.000794	0.002142	0.002312	0.001959	0.000467	0.009557	0.460969	0.003408	0.014782	0.311057	0.000782	0.022061	0.080567	0.052208	
0.004197	0.001846	0.002735	0.002245	0.003543	0.004127	0.005605	0.010229	0.006320	0.011407	0.009920	0.016636	0.023075	0.006847	0.007977	0.033177	0.004578	0.124467	0.372661	0.348409	
0.002325	0.000582	0.002413	0.003130	0.006549	0.002971	0.008215	0.012323	0.011482	0.007856	0.010267	0.051023	0.015277	0.006570	0.012801	0.024046	0.006818	0.255253	0.217014	0.343085	
0.001209	0.000587	0.003083	0.009761	0.014075	0.003367	0.009333	0.040994	0.066792	0.005906	0.011447	0.183105	0.012935	0.006640	0.009745	0.024294	0.007546	0.284281	0.067886	0.237014	
0.003081	0.000900	0.005566	0.007701	0.008729	0.003027	0.043496	0.029337	0.105937	0.004800	0.005602	0.220703	0.042676	0.008698	0.015534	0.227094	0.004838	0.132750	0.047698	0.081833	
0.014222	0.019664	0.005814	0.002572	0.008302	0.637929	0.176508	0.004367	0.016651	0.003554	0.000568	0.045932	0.009621	0.000998	0.001390	0.007288	0.000333	0.028436	0.005962	0.009887	
0.013617	0.024275	0.147621	0.007312	0.007630	0.012167	0.008831	0.017411	0.028033	0.147558	0.032365	0.025443	0.200601	0.196270	0.031031	0.041451	0.022489	0.014868	0.009606	0.011420	
0.000976	0.001252	0.006630	0.017226	0.058832	0.001434	0.012974	0.007490	0.008515	0.020938	0.040330	0.010275	0.140169	0.065388	0.268752	0.220570	0.076266	0.011362	0.013978	0.016645	
0.000357	0.000660	0.003925	0.012113	0.025133	0.000997	0.002426	0.012420	0.010275	0.032429	0.121996	0.007112	0.028365	0.158011	0.206838	0.051834	0.289512	0.007298	0.013249	0.015050	
0.000220	0.000285	0.002012	0.023155	0.024575	0.000488	0.001062	0.018476	0.006290	0.013283	0.110435	0.006618	0.007987	0.098307	0.169580	0.009026	0.453201	0.008509	0.018989	0.027502	
0.000133	0.000332	0.002578	0.008949	0.021975	0.000294	0.000846	0.003317	0.003265	0.037551	0.128512	0.002689	0.017924	0.186332	0.193503	0.016697	0.360910	0.002795	0.004982	0.006417	
0.000446	0.001220	0.005852	0.021313	0.029133	0.000748	0.002933	0.004459	0.003235	0.061111	0.130921	0.002733	0.033693	0.200387	0.194319	0.015679	0.273522	0.003175	0.006998	0.008124	
0.000164	0.000606	0.003096	0.006800	0.008605	0.000387	0.000991	0.003308	0.003855	0.097137	0.226192	0.002753	0.021716	0.246868	0.097172	0.012347	0.252542	0.003353	0.004841	0.007269	
0.000347	0.001522	0.003507	0.007533	0.002756	0.000289	0.000491	0.001879	0.001039	0.228129	0.306245	0.001221	0.015014	0.249813	0.034325	0.004121	0.131572	0.002346	0.003768	0.004083	
0.000105	0.000264	0.002063	0.006896	0.014755	0.000128	0.000574	0.003557	0.002768	0.028948	0.139158	0.003444	0.029968	0.172749	0.206506	0.051591	0.310224	0.004709	0.009932	0.011662	
0.000141	0.000388	0.003378	0.010629	0.019820	0.000188	0.000977	0.003684	0.002415	0.038257	0.122836	0.001749	0.031951	0.206379	0.231020	0.047648	0.264989	0.001734	0.006616	0.005200	
0.000730	0.001175	0.057407	0.006439	0.011972	0.000369	0.000995	0.002389	0.003638	0.024911	0.022953	0.004081	0.543665	0.096079	0.054034	0.100867	0.027467	0.008091	0.017819	0.014918	
0.014167	0.002131	0.006121	0.003958	0.005341	0.007577	0.012761	0.021857	0.016235	0.013268	0.010077	0.064280	0.012665	0.004601	0.003408	0.014780	0.003380	0.405369	0.146373	0.231650	
0.001963	0.000413	0.002568	0.003686	0.003869	0.008920	0.056474	0.015374	0.255025	0.001897	0.001010	0.523981	0.002465	0.000980	0.001751	0.013945	0.001020	0.079610	0.007819	0.017231	
0.005267	0.018132	0.002065	0.000238	0.000431	0.922377	0.036567	0.000617	0.002317	0.002251	0.000120	0.004247	0.000878	0.000389	0.000122	0.000281	0.000062	0.002193	0.000572	0.000876	
0.000594	0.000626	0.011686	0.001872	0.013081	0.000751	0.003706	0.008285	0.005007	0.009594	0.010559	0.010638	0.283453	0.071256	0.180300	0.328282	0.022924	0.011705	0.009622	0.016060	
0.000129	0.000259	0.001731	0.007534	0.014864	0.000217	0.001064	0.009393	0.002922	0.021075	0.125477	0.002529	0.026848	0.163378	0.269770	0.087587	0.243988	0.003179	0.008376	0.009679	
0.001569	0.003169	0.015945	0.009470	0.010309	0.002428	0.002717	0.036643	0.013578	0.125800	0.173857	0.011744	0.039190	0.250485	0.073500	0.024428	0.152289	0.012234	0.014984	0.025661	
0.000513	0.001114	0.002492	0.011660	0.012054	0.001085	0.002780	0.008694	0.003251	0.092451	0.282104	0.004924	0.021279	0.157154	0.117087	0.021669	0.209344	0.012078	0.013467	0.024800	
0.000920	0.002203	0.005592	0.010108	0.010485	0.001352	0.002403	0.007360	0.005473	0.143218	0.243625	0.004888	0.014659	0.235541	0.070699	0.015572	0.206152	0.005223	0.006066	0.008462	
0.000815	0.001909	0.005484	0.017687	0.047373	0.001601	0.007195	0.022198	0.007408	0.034070	0.135739	0.011151	0.053260	0.106323	0.213208	0.075200	0.188747	0.020326	0.014707	0.035602	
0.000980	0.001854	0.010424	0.086961	0.024388	0.002221	0.004988	0.027881	0.065800	0.069317	0.183350	0.062706	0.024974	0.103588	0.053184	0.027554	0.151610	0.038703	0.022934	0.036581	
0.334837	0.464898	0.054723	0.002212	0.000349	0.014711	0.004920	0.000721	0.000257	0.042670	0.001843	0.000630	0.032784	0.005073	0.000944	0.005806	0.000572	0.002602	0.024195	0.005251	
0.000843	0.000531	0.005998	0.001790	0.043885	0.003494	0.003943	0.004410	0.029880	0.002712	0.001661	0.191575	0.156006	0.003425	0.021622	0.197852	0.001783	0.199986	0.044363	0.084241	
0.001915	0.004127	0.012101	0.016690	0.027266	0.007891	0.017297	0.014016	0.020782	0.089561	0.104317	0.017858	0.067010	0.166454	0.152979	0.089943	0.131886	0.017466	0.018253	0.022186	
0.000358	0.000336	0.002077	0.014326	0.058011	0.000917	0.008494	0.011359	0.008745	0.012353	0.079320	0.011661	0.031784	0.075076	0.299146	0.105128	0.219318	0.014249	0.018908	0.028435	
0.000483	0.000717	0.004304	0.029511	0.051917	0.001217	0.003622	0.018613	0.012019	0.016924	0.087052	0.008561	0.024089	0.115679	0.224611	0.054210	0.278412	0.009235	0.030172	0.028653	
0.004046	0.003340	0.040087	0.003750	0.005401	0.003387	0.002291	0.067213	0.026044	0.038803	0.017108	0.054207	0.154783	0.094796	0.026957	0.051034	0.017718	0.079476	0.135885	0.173675	
0.011541	0.017344	0.006576	0.024785	0.025054	0.023740	0.107225	0.008390	0.015401	0.124256	0.085230	0.023803	0.062983	0.030759	0.041351	0.074109	0.024772	0.057225	0.124300	0.111155	
0.002695	0.002652	0.006014	0.009433	0.020404	0.005631	0.010325	0.015511	0.018225	0.036691	0.056175	0.030436	0.052865	0.045080	0.061998	0.067216	0.048198	0.101276	0.163113	0.246061	
0.001828	0.001422	0.005008	0.020716	0.031665	0.003255	0.009919	0.040067	0.048979	0.021152	0.046179	0.044574	0.016878	0.038723	0.056817	0.024487	0.076258	0.062961	0.202165	0.246947	
0.000865	0.000532	0.001759	0.005827	0.008775	0.001331	0.004190	0.017079	0.012369	0.014822	0.045449	0.026922	0.019421	0.030316	0.034386	0.035998	0.036309	0.120896	0.253609	0.329145	
0.005733	0.002926	0.007144	0.007918	0.016720	0.005221	0.010868	0.026096	0.015827	0.013592	0.016424	0.040872	0.031720	0.014349	0.027453	0.064092	0.015774	0.112152	0.277143	0.287976	
0.013315	0.003464	0.007408	0.003207	0.004860	0.007955	0.008289	0.050926	0.017136	0.024748	0.022766	0.062317	0.016995	0.016832	0.008234	0.018506	0.009173	0.245643	0.178486	0.279740	
0.004085	0.002593	0.005396	0.025524	0.024236	0.019370	0.062813	0.075126	0.156983	0.013095	0.013474	0.243520	0.015179	0.011792	0.016896	0.021792	0.011621	0.121550	0.054348	0.100607	
0.000676	0.000948	0.004285	0.017485	0.034227	0.002644	0.015036	0.030614	0.030940	0.020272	0.064800	0.028141	0.052824	0.085578	0.206336	0.178334	0.132985	0.026685	0.025389	0.041802	
0.001901	0.003063	0.004794	0.020052	0.063847	0.004269	0.009246	0.015551	0.007237	0.026874	0.073195	0.011790	0.029837	0.079362	0.268263	0.056508	0.214158	0.022327	0.045206	0.042519	
0.000355	0.000328	0.003866	0.032696	0.061444	0.000792	0.001909	0.038154	0.048270	0.009352	0.072579	0.032838	0.012363	0.076337	0.146170	0.025600	0.321202	0.028119	0.032197	0.055428	
0.026800	0.037065	0.143532	0.003301	0.005266	0.011776	0.005199	0.026077	0.010155	0.143353	0.023108	0.021626	0.235154	0.107681	0.024674	0.038348	0.013951	0.033867	0.043548	0.045520	
0.016055	0.008787	0.013993	0.031154	0.029421	0.016706	0.038069	0.030554	0.057112	0.062224	0.081594	0.075414	0.031376	0.029472	0.024807	0.046555	0.032148	0.146233	0.092381	0.135945	
0.021872	0.007008	0.025062	0.012240	0.016871	0.020231	0.061768	0.026651	0.120139	0.030544	0.015446	0.199237	0.046621	0.017938	0.018635	0.073086	0.010701	0.136569	0.058932	0.080448	
0.008152	0.011472	0.004784	0.010837	0.018712	0.217978	0.436267	0.009405	0.052535	0.021910	0.009285	0.042643	0.021996	0.010270	0.011839	0.023828	0.005122	0.032416	0.019111	0.031438	
0.002598	0.004101	0.025264	0.006531	0.012289	0.004849	0.007088	0.021000	0.022690	0.099150	0.061625	0.026025	0.175234	0.154929	0.074666	0.077062	0.047326	0.043049	0.050657	0.083864	
0.002235	0.002439	0.003682	0.009392	0.006766	0.003942	0.006100	0.037936	0.016583	0.074354	0.121510	0.017444	0.021352	0.145029	0.055858	0.025059	0.101160	0.044453	0.161459	0.143247	
0.000461	0.000555	0.002116	0.007131	0.012506	0.000731	0.001981	0.015228	0.006644	0.030706	0.141350	0.010250	0.023197	0.131948	0.139192	0.034145	0.227077	0.032734	0.081414	0.100635	
0.001018	0.001204	0.004874	0.017625	0.027182	0.001036	0.001932	0.019277	0.010255	0.054400	0.121275	0.021806	0.020919	0.083862	0.099564	0.032204	0.162783	0.063275	0.119443	0.136067	
0.001298	0.001019	0.006203	0.011545	0.029081	0.001892	0.004386	0.051945	0.040658	0.022227	0.047686	0.071091	0.036136	0.064868	0.095309	0.049357	0.087135	0.097891	0.101316	0.178959	
0.002117	0.001502	0.011035	0.010959	0.042063	0.003160	0.005810	0.070851	0.057086	0.014297	0.024179	0.107153	0.052393	0.031229	0.057300	0.087588	0.031676	0.116274	0.103226	0.170098	
0.043433	0.064556	0.117101	0.018317	0.009973	0.025216	0.024465	0.032025	0.043306	0.199797	0.049587	0.041282	0.077149	0.070482	0.018856	0.028237	0.023309	0.043374	0.029877	0.039658	
0.004030	0.001342	0.003497	0.007415	0.015032	0.007650	0.111010	0.015356	0.071045	0.010712	0.011890	0.134898	0.055330	0.010226	0.023310	0.302317	0.006491	0.108045	0.035905	0.064500	
0.063235	0.116206	0.013423	0.000964	0.001346	0.643765	0.069110	0.003585	0.006288	0.014247	0.000819	0.015175	0.009293	0.002221	0.000909	0.003466	0.000346	0.014645	0.010521	0.010436	
0.001428	0.001050	0.005315	0.014611	0.039713	0.003160	0.018821	0.026766	0.047116	0.017127	0.039986	0.057990	0.084591	0.057967	0.126155	0.154161	0.054211	0.080394	0.051740	0.117697	
0.002285	0.003878	0.011372	0.010488	0.020745	0.005837	0.010545	0.017868	0.018354	0.066618	0.056631	0.037879	0.145024	0.108180	0.096399	0.135453	0.043337	0.065067	0.060632	0.083410	
0.003619	0.004005	0.011904	0.017659	0.015022	0.004243	0.007361	0.023581	0.017171	0.103010	0.156622	0.020864	0.041833	0.160597	0.073945	0.040235	0.127303	0.039935	0.061151	0.069940	
0.001119	0.001177	0.005240	0.007310	0.059247	0.002584	0.008730	0.011478	0.009539	0.015776	0.028888	0.020169	0.107097	0.051340	0.237615	0.227619	0.062391	0.036087	0.049047	0.057548	
0.001702	0.003501	0.010491	0.016829	0.013660	0.004570	0.002971	0.106214	0.039862	0.047202	0.102551	0.044438	0.019719	0.157887	0.065102	0.016051	0.155086	0.042456	0.058008	0.091701	
0.000655	0.002322	0.006214	0.011034	0.049816	0.001296	0.003435	0.010757	0.010845	0.052184	0.104346	0.010296	0.079540	0.134578	0.186599	0.119138	0.130604	0.013561	0.033331	0.039447	
0.003414	0.015062	0.065439	0.004343	0.004522	0.001430	0.000987	0.006771	0.006038	0.191620	0.050495	0.005591	0.193255	0.269176	0.029552	0.030856	0.029643	0.009647	0.052473	0.029685	
0.000620	0.000107	0.000322	0.000808	0.001732	0.000380	0.001103	0.003143	0.003459	0.000563	0.001182	0.005595	0.002155	0.000648	0.002090	0.005079	0.001467	0.051403	0.516236	0.401907	
0.000991	0.000217	0.000313	0.000086	0.000168	0.000867	0.000370	0.002130	0.001099	0.000502	0.000218	0.006779	0.000941	0.000174	0.000153	0.000545	0.000090	0.109747	0.396466	0.478144	
0.000099	0.000030	0.000098	0.000612	0.001317	0.000238	0.000792	0.003648	0.008923	0.000056	0.000069	0.019374	0.000308	0.000039	0.000310	0.000637	0.000141	0.068724	0.371898	0.522688	
0.000042	0.000003	0.000037	0.000036	0.000208	0.000122	0.000146	0.001880	0.002634	0.000014	0.000022	0.012430	0.000200	0.000030	0.000118	0.000429	0.000039	0.167322	0.310045	0.504243	
0.000300	0.000013	0.000054	0.000026	0.000148	0.000170	0.000286	0.004463	0.000911	0.000028	0.000037	0.015576	0.000239	0.000029	0.000082	0.000645	0.000024	0.291262	0.204120	0.481588	
0.000087	0.000032	0.000150	0.000187	0.001097	0.000878	0.000790	0.022737	0.014414	0.000055	0.000050	0.190552	0.000851	0.000057	0.000248	0.001545	0.000040	0.394204	0.063516	0.308509	
0.000061	0.000097	0.000781	0.612465	0.032913	0.000070	0.008268	0.005709	0.052229	0.001033	0.005590	0.006334	0.005146	0.004577	0.042928	0.032568	0.035383	0.004580	0.116016	0.033250	
0.000434	0.000016	0.000263	0.000020	0.001328	0.000163	0.000185	0.000338	0.000994	0.000033	0.000016	0.015128	0.003967	0.000021	0.000234	0.005716	0.000016	0.445829	0.218082	0.307218	
0.000309	0.000102	0.000462	0.001054	0.001564	0.002943	0.003083	0.007707	0.017224	0.001745	0.001020	0.130309	0.002717	0.000806	0.001113	0.003417	0.000455	0.482476	0.100106	0.241389	
0.000185	0.000053	0.000600	0.000688	0.002141	0.001195	0.001111	0.064379	0.093519	0.000143	0.000176	0.201980	0.001479	0.000547	0.001458	0.003306	0.000534	0.181721	0.148993	0.295791	
0.001205	0.000207	0.000697	0.001023	0.001891	0.000643	0.001247	0.005538	0.003169	0.001300	0.001776	0.016196	0.004350	0.001351	0.002094	0.008166	0.001103	0.222939	0.376462	0.348644	
0.002637	0.000514	0.002272	0.000533	0.002575	0.004566	0.003071	0.018041	0.012583	0.002470	0.001036	0.130770	0.005700	0.001381	0.001638	0.007816	0.000567	0.482204	0.089149	0.230476	
0.000332	0.000312	0.002517	0.008141	0.013466	0.002817	0.006684	0.157191	0.170744	0.007168	0.014819	0.264936	0.008171	0.015148	0.018645	0.018801	0.014341	0.126669	0.037722	0.111373	
0.000211	0.000300	0.004484	0.010199	0.022390	0.000646	0.002235	0.013776	0.008324	0.026759	0.097337	0.004904	0.043032	0.238679	0.201936	0.065455	0.219280	0.007640	0.017750	0.014664	
0.001772	0.000683	0.005689	0.003532	0.013237	0.002643	0.003200	0.228822	0.041686	0.002395	0.003387	0.079328	0.012331	0.008723	0.022964	0.012409	0.013850	0.092277	0.131311	0.319761	
0.000080	0.000187	0.000264	0.006694	0.003458	0.000200	0.000696	0.002729	0.001432	0.068160	0.471279	0.001844	0.002489	0.089745	0.053184	0.004876	0.259294	0.006981	0.012524	0.013885	
0.000295	0.000472	0.002438	0.020291	0.012076	0.000210	0.000377	0.004527	0.001655	0.027362	0.176521	0.002391	0.005791	0.132720	0.089328	0.004651	0.489763	0.005369	0.011476	0.012288	
0.000224	0.000440	0.004493	0.019163	0.047492	0.000390	0.001375	0.007483	0.008718	0.023262	0.082655	0.008024	0.028283	0.131268	0.241364	0.033231	0.329047	0.007153	0.011776	0.014158	
0.001418	0.003103	0.015020	0.030204	0.065500	0.004168	0.007797	0.017713	0.028888	0.060878	0.096270	0.021389	0.055685	0.165381	0.158374	0.030056	0.182893	0.017988	0.015242	0.022035	
0.014868	0.025219	0.047279	0.020077	0.029315	0.020822	0.020316	0.064625	0.076491	0.109800	0.050314	0.079091	0.073955	0.075604	0.041251	0.043472	0.035155	0.061778	0.042001	0.068566	
0.022311	0.041977	0.022212	0.035977	0.016244	0.010510	0.054430	0.005540	0.008708	0.282076	0.149583	0.007567	0.070786	0.064455	0.043684	0.076292	0.038687	0.012998	0.020102	0.015859	
0.005619	0.001089	0.005383	0.009125	0.029710	0.002283	0.009634	0.017486	0.026319	0.005648	0.012351	0.052098	0.038787	0.008446	0.031543	0.141543	0.014801	0.197126	0.188799	0.202209	
0.026904	0.011520	0.031887	0.006281	0.010319	0.055640	0.031014	0.022906	0.069448	0.038790	0.009194	0.217961	0.054113	0.014935	0.007802	0.034668	0.003568	0.239718	0.043882	0.069449	
0.008240	0.003230	0.014446	0.012600	0.020511	0.020935	0.054312	0.033562	0.110537	0.020758	0.013788	0.196774	0.060490	0.016408	0.019470	0.081857	0.008741	0.199172	0.031874	0.072297	
0.006071	0.003433	0.008847	0.054586	0.087926	0.028334	0.129927	0.036027	0.150324	0.022174	0.024985	0.145133	0.017585	0.017348	0.044167	0.032427	0.033152	0.089146	0.023263	0.045144	
0.002146	0.002050	0.011809	0.020260	0.043863	0.012159	0.037464	0.025987	0.110382	0.039939	0.050504	0.081144	0.077705	0.098944	0.094184	0.116008	0.061591	0.053475	0.021544	0.038841	
0.012170	0.009373	0.027112	0.006468	0.013852	0.017375	0.013727	0.097377	0.053765	0.053607	0.029327	0.091241	0.077216	0.070947	0.038471	0.046809	0.022319	0.114615	0.068300	0.135928	
0.002432	0.005605	0.008629	0.009663	0.006683	0.004405	0.008264	0.007652	0.009098	0.275481	0.238833	0.010583	0.048852	0.169214	0.044493	0.035440	0.066588	0.017704	0.011304	0.019077	
0.000858	0.001956	0.004462	0.009765	0.006791	0.000845	0.001519	0.007117	0.003604	0.151330	0.311907	0.004804	0.027372	0.218427	0.054366	0.015109	0.143812	0.010997	0.009448	0.015509	
0.000310	0.000619	0.003236	0.009752	0.016007	0.000547	0.001137	0.010435	0.006343	0.031173	0.114569	0.004970	0.020554	0.216312	0.179709	0.021966	0.330299	0.005959	0.011662	0.014442	
0.001049	0.002906	0.007095	0.012948	0.012811	0.001056	0.001887	0.005443	0.006899	0.203381	0.241348	0.004408	0.014101	0.237998	0.051502	0.009091	0.171226	0.004417	0.004854	0.005581	
0.003677	0.008839	0.019340	0.025173	0.018455	0.002841	0.009595	0.006148	0.011097	0.176330	0.141158	0.010042	0.107713	0.163201	0.089370	0.070274	0.093948	0.013024	0.014906	0.014869	
0.004677	0.002825	0.018402	0.006438	0.028183	0.003325	0.004833	0.014652	0.037159	0.031462	0.021338	0.099884	0.129254	0.020807	0.033795	0.164314	0.011849	0.220366	0.051224	0.095214	
0.008593	0.004765	0.024863	0.010828	0.027238	0.017392	0.015914	0.025660	0.116778	0.028761	0.010577	0.294059	0.045394	0.011635	0.013023	0.031622	0.006650	0.214860	0.027944	0.063443	
0.002284	0.001709	0.006876	0.070571	0.018296	0.002798	0.037791	0.015265	0.036293	0.026545	0.039147	0.036692	0.103283	0.053030	0.077560	0.177447	0.040969	0.058425	0.111979	0.083041	
0.001900	0.000765	0.007661	0.003230	0.028340	0.001792	0.005769	0.002871	0.011595	0.003570	0.002295	0.053274	0.184142	0.004000	0.022732	0.268783	0.002341	0.180791	0.094383	0.119765	
0.004420	0.001411	0.005304	0.002307	0.009679	0.009310	0.009224	0.025879	0.033106	0.006726	0.004963	0.134624	0.041843	0.008676	0.012940	0.069654	0.004067	0.311425	0.112822	0.191621	
0.004550	0.002969	0.008066	0.015868	0.032902	0.016098	0.057230	0.067935	0.087423	0.021990	0.025259	0.162163	0.046581	0.034790	0.046816	0.068234	0.022587	0.138096	0.041851	0.098589	
0.002142	0.002316	0.009057	0.030921	0.033728	0.002908	0.020646	0.047371	0.062032	0.022850	0.044273	0.046557	0.066597	0.083305	0.123802	0.210340	0.071655	0.032112	0.042279	0.045108	
0.011970	0.011169	0.017364	0.025857	0.024877	0.013822	0.059934	0.023759	0.050449	0.045493	0.041235	0.055127	0.088272	0.043252	0.052268	0.232504	0.029417	0.064471	0.049191	0.059570	
0.086717	0.071851	0.031703	0.001640	0.007098	0.171398	0.055459	0.009003	0.024922	0.015179	0.001714	0.106932	0.093341	0.003723	0.004632	0.092475	0.000732	0.142567	0.033140	0.045774	
