0.030187	0.029500	0.054117	0.024870	0.032666	0.031863	0.035643	0.042236	0.050658	0.046093	0.030553	0.058791	0.095271	0.062707	0.046671	0.066995	0.032306	0.070880	0.079349	0.078643	
0.017531	0.008854	0.023016	0.019188	0.027793	0.015575	0.023124	0.031875	0.063703	0.018633	0.017104	0.077523	0.049143	0.023599	0.030974	0.060148	0.022005	0.138476	0.156147	0.175588	
0.024830	0.008223	0.024213	0.009818	0.019704	0.025263	0.031512	0.025827	0.051300	0.024092	0.012631	0.142279	0.047585	0.017163	0.015880	0.039899	0.009026	0.279235	0.073741	0.117782	
0.005614	0.002755	0.010552	0.020657	0.033761	0.025104	0.042527	0.044893	0.205434	0.008856	0.007055	0.303419	0.019222	0.008191	0.013268	0.024076	0.008318	0.122011	0.029583	0.064704	
0.000994	0.001173	0.004210	0.247589	0.033374	0.001127	0.055906	0.003117	0.009473	0.015578	0.043184	0.004105	0.059693	0.050790	0.158365	0.181431	0.096379	0.004546	0.020963	0.008004	
0.001611	0.000808	0.008468	0.001389	0.035395	0.003853	0.002870	0.005910	0.015344	0.001587	0.000885	0.100727	0.193498	0.003687	0.021778	0.234509	0.001941	0.188414	0.077191	0.100135	
0.000706	0.000819	0.004438	0.022397	0.023431	0.001500	0.003590	0.034650	0.016322	0.020080	0.103202	0.019908	0.040369	0.117450	0.144845	0.080351	0.174975	0.041619	0.066501	0.082846	
0.001808	0.001566	0.010156	0.023099	0.075332	0.002942	0.008626	0.034667	0.019908	0.011138	0.025705	0.037156	0.076961	0.057844	0.194790	0.109569	0.089564	0.059459	0.070504	0.089205	
0.001546	0.002069	0.015195	0.045633	0.092572	0.002563	0.010242	0.016691	0.032808	0.026356	0.052965	0.032992	0.104958	0.091260	0.147783	0.124280	0.107112	0.029009	0.028050	0.035914	
0.005609	0.003423	0.025149	0.015813	0.051690	0.004305	0.010445	0.047090	0.038627	0.025964	0.038977	0.064172	0.111006	0.058812	0.087948	0.145242	0.052172	0.070678	0.059711	0.083168	
0.003875	0.003657	0.006378	0.216923	0.044098	0.001951	0.083809	0.002350	0.009275	0.028516	0.054666	0.004006	0.043435	0.029242	0.128996	0.202640	0.085498	0.005195	0.033805	0.011685	
0.004407	0.001071	0.005066	0.002617	0.053409	0.010477	0.011469	0.004757	0.024425	0.001026	0.000668	0.115879	0.032691	0.000910	0.007629	0.040736	0.001281	0.384349	0.111444	0.185687	
0.003430	0.001341	0.007165	0.013345	0.040303	0.013449	0.019258	0.055353	0.142817	0.004284	0.005265	0.168887	0.013976	0.008481	0.017476	0.021389	0.010458	0.152231	0.116598	0.184491	
0.009692	0.007657	0.027553	0.014305	0.008807	0.004928	0.009715	0.032550	0.024601	0.033964	0.017995	0.035004	0.080252	0.038268	0.020334	0.044392	0.013283	0.102660	0.246569	0.227469	
0.002575	0.000735	0.001802	0.002106	0.004919	0.002657	0.003968	0.011402	0.014056	0.002798	0.002841	0.045301	0.009445	0.002969	0.004441	0.014460	0.002279	0.197470	0.327080	0.346696	
0.002595	0.001339	0.003357	0.007770	0.014443	0.007230	0.011720	0.025693	0.070033	0.001526	0.001801	0.088983	0.011120	0.003458	0.007877	0.014553	0.003748	0.114684	0.288488	0.319583	
0.004845	0.002244	0.005520	0.004541	0.006832	0.002118	0.005796	0.006244	0.008338	0.004746	0.002752	0.016772	0.029473	0.004463	0.007308	0.032839	0.002750	0.076999	0.507347	0.268071	
0.002628	0.000848	0.002318	0.001996	0.005365	0.004065	0.005110	0.012483	0.020902	0.002374	0.001830	0.039521	0.006393	0.002132	0.003218	0.007190	0.001958	0.154928	0.305445	0.419294	
0.001335	0.000428	0.001186	0.000835	0.002381	0.003038	0.003087	0.038722	0.019390	0.000753	0.000709	0.042994	0.002647	0.001076	0.001669	0.003158	0.000923	0.127681	0.278815	0.469176	
0.001223	0.000669	0.001084	0.002411	0.002766	0.002038	0.002092	0.063220	0.015962	0.001419	0.002572	0.022863	0.002131	0.003579	0.003961	0.003724	0.004251	0.064318	0.385453	0.414266	
0.001459	0.000483	0.001099	0.002642	0.002771	0.001096	0.001440	0.031145	0.007532	0.001075	0.002483	0.014547	0.002549	0.003677	0.004808	0.004772	0.005445	0.072622	0.483060	0.355296	
0.002985	0.000881	0.002669	0.003385	0.012218	0.002605	0.004780	0.019699	0.016304	0.002267	0.002450	0.063362	0.011153	0.002862	0.008613	0.024779	0.003458	0.205906	0.301010	0.308614	
0.005261	0.001848	0.008714	0.007101	0.017910	0.007185	0.013353	0.071265	0.050667	0.008009	0.008995	0.127897	0.021688	0.009910	0.014882	0.031881	0.008525	0.246863	0.106341	0.231705	
0.003689	0.002412	0.010357	0.013994	0.024257	0.018719	0.031397	0.114222	0.139918	0.008919	0.008185	0.244606	0.021787	0.011347	0.012063	0.021999	0.007653	0.148763	0.043599	0.112115	
0.003294	0.004762	0.009450	0.090666	0.012246	0.001793	0.024246	0.008967	0.005981	0.036295	0.074923	0.004920	0.127070	0.118640	0.105859	0.178256	0.076878	0.011779	0.071012	0.032963	
0.003684	0.001212	0.008952	0.003393	0.099262	0.003527	0.006297	0.017440	0.014287	0.001011	0.001348	0.060533	0.106997	0.003040	0.036962	0.212694	0.004278	0.161941	0.102783	0.150360	
0.003444	0.003889	0.017214	0.035693	0.035940	0.013948	0.012987	0.095023	0.110945	0.031793	0.050390	0.119844	0.031101	0.065141	0.040853	0.031829	0.054553	0.088909	0.060205	0.096300	
0.029578	0.029874	0.020279	0.103055	0.009771	0.004955	0.053419	0.004914	0.006021	0.057661	0.029141	0.005135	0.100638	0.033160	0.024272	0.122954	0.016033	0.016985	0.277810	0.054345	
0.003011	0.000908	0.006037	0.000852	0.014502	0.002456	0.001867	0.003751	0.007178	0.002217	0.001220	0.048300	0.085546	0.002587	0.007969	0.078472	0.001292	0.322504	0.181053	0.228278	
0.007122	0.004436	0.010231	0.009945	0.024537	0.017816	0.016195	0.049424	0.049312	0.023584	0.018132	0.118092	0.016847	0.015221	0.014699	0.013478	0.013307	0.242572	0.094253	0.240795	
0.001167	0.000747	0.003210	0.017715	0.023754	0.002856	0.006552	0.141107	0.064535	0.005643	0.022336	0.051593	0.008765	0.028231	0.054161	0.023023	0.061857	0.081140	0.178123	0.223485	
0.001651	0.000978	0.008842	0.022792	0.031653	0.001869	0.005449	0.058368	0.077629	0.012308	0.030687	0.070863	0.027116	0.042494	0.047433	0.054523	0.057787	0.082990	0.173666	0.190900	
0.169984	0.089561	0.029481	0.001494	0.002276	0.067264	0.017263	0.007682	0.004463	0.013283	0.001381	0.014778	0.021578	0.002032	0.001386	0.008658	0.000587	0.063980	0.316300	0.166570	
0.001957	0.000526	0.002278	0.002343	0.007132	0.004016	0.009352	0.026159	0.043363	0.001909	0.002255	0.068927	0.007679	0.002349	0.004041	0.007583	0.002335	0.153696	0.202978	0.449124	
0.002164	0.001301	0.002071	0.005372	0.005982	0.004077	0.010858	0.031659	0.015022	0.006474	0.009596	0.015888	0.006162	0.009051	0.010343	0.006028	0.010850	0.053431	0.364388	0.429283	
0.000393	0.000226	0.000678	0.001635	0.003899	0.000592	0.001189	0.011170	0.006849	0.001633	0.004017	0.007328	0.003872	0.004941	0.007812	0.005171	0.008727	0.034255	0.451241	0.444374	
0.000281	0.000091	0.000228	0.000251	0.000432	0.000149	0.000254	0.004413	0.000928	0.000548	0.000876	0.001830	0.000976	0.001019	0.001108	0.000881	0.001220	0.023820	0.549133	0.411560	
0.000216	0.000114	0.000104	0.000188	0.000297	0.000240	0.000318	0.003077	0.001211	0.000405	0.000481	0.002435	0.000435	0.000442	0.000473	0.000474	0.000490	0.023575	0.525592	0.439432	
0.000199	0.000061	0.000103	0.000107	0.000185	0.000124	0.000136	0.004669	0.000773	0.000267	0.000439	0.002010	0.000328	0.000351	0.000303	0.000353	0.000396	0.026091	0.470043	0.493061	
0.000423	0.000121	0.000137	0.000219	0.000223	0.000206	0.000369	0.003849	0.000935	0.000195	0.000257	0.001663	0.000321	0.000313	0.000325	0.000463	0.000360	0.018927	0.630034	0.340660	
0.000278	0.000036	0.000064	0.000120	0.000423	0.000189	0.000358	0.002934	0.000985	0.000112	0.000179	0.005177	0.000263	0.000096	0.000266	0.000542	0.000184	0.104101	0.376688	0.507006	
0.000274	0.000039	0.000196	0.000167	0.000499	0.000395	0.000350	0.016485	0.006103	0.000278	0.000346	0.045886	0.000530	0.000334	0.000334	0.000724	0.000282	0.350732	0.133745	0.442301	
0.000868	0.000307	0.001025	0.001733	0.004512	0.003511	0.004929	0.036209	0.036421	0.001181	0.000925	0.220447	0.003768	0.000999	0.001431	0.004518	0.000634	0.350052	0.078420	0.248109	
0.000574	0.000760	0.004583	0.035678	0.018757	0.000518	0.004508	0.020399	0.015490	0.005668	0.012901	0.016583	0.108978	0.042869	0.079065	0.172147	0.031280	0.031840	0.280676	0.116728	
0.001199	0.000891	0.011033	0.003481	0.036955	0.000394	0.001766	0.003128	0.004418	0.001690	0.001320	0.009542	0.269483	0.006239	0.037238	0.373148	0.003489	0.028625	0.136907	0.069054	
0.012819	0.002741	0.012365	0.001244	0.003336	0.006202	0.003619	0.009750	0.007451	0.002968	0.001055	0.025910	0.019160	0.002098	0.001822	0.009457	0.000900	0.149386	0.436299	0.291418	
0.001736	0.000333	0.001218	0.002757	0.003106	0.004886	0.008071	0.056705	0.024646	0.003722	0.006670	0.075146	0.002494	0.004428	0.003765	0.004424	0.004525	0.425775	0.097502	0.268088	
0.000723	0.000099	0.002134	0.002687	0.003636	0.001969	0.006448	0.077994	0.175193	0.000579	0.000716	0.482872	0.003746	0.001495	0.001934	0.011408	0.001085	0.146569	0.020581	0.058133	
0.017370	0.026023	0.007301	0.003100	0.004320	0.624941	0.231515	0.004486	0.010134	0.006659	0.000883	0.015309	0.008675	0.002429	0.002495	0.005338	0.000827	0.014020	0.006169	0.008007	
0.000785	0.000871	0.015169	0.025348	0.055915	0.001644	0.008733	0.018009	0.032341	0.029610	0.047890	0.042985	0.120451	0.146098	0.181834	0.092997	0.092614	0.038670	0.017940	0.030098	
0.000258	0.000351	0.003949	0.009166	0.078094	0.000585	0.004099	0.003221	0.004953	0.004112	0.013046	0.003578	0.095822	0.042167	0.343315	0.305448	0.066890	0.004123	0.008904	0.007921	
0.002396	0.001491	0.018790	0.002079	0.004016	0.003465	0.001106	0.261580	0.093336	0.018299	0.010033	0.138763	0.016764	0.031172	0.004783	0.005501	0.007603	0.126148	0.061181	0.191493	
0.004839	0.014792	0.006418	0.010590	0.003691	0.005703	0.012592	0.002503	0.003932	0.529447	0.240941	0.006038	0.020834	0.061039	0.014647	0.016494	0.022108	0.009756	0.005803	0.007833	
0.004528	0.008095	0.012465	0.016883	0.005168	0.001689	0.003154	0.006985	0.006399	0.274506	0.326547	0.007444	0.036388	0.139242	0.022310	0.023852	0.067163	0.011167	0.010594	0.015421	
0.000734	0.000991	0.004341	0.031841	0.022816	0.000620	0.004486	0.006139	0.004715	0.045392	0.215629	0.002822	0.025396	0.132865	0.155964	0.035059	0.287304	0.003725	0.009991	0.009172	
0.000882	0.001040	0.004442	0.016389	0.016786	0.000658	0.002318	0.008253	0.003747	0.052735	0.208773	0.003025	0.019481	0.162027	0.133106	0.024228	0.307697	0.006005	0.014492	0.013916	
0.000327	0.000290	0.002843	0.020949	0.018858	0.000391	0.001922	0.019537	0.007108	0.021557	0.154914	0.004782	0.011389	0.141065	0.137480	0.018322	0.399753	0.006213	0.015247	0.017052	
0.002540	0.003436	0.014734	0.015198	0.013032	0.001834	0.003844	0.017522	0.009046	0.174568	0.230571	0.009355	0.028254	0.198380	0.059701	0.017781	0.156943	0.014448	0.011286	0.017527	
0.001942	0.002688	0.016022	0.023622	0.023279	0.003628	0.006359	0.023006	0.029920	0.119656	0.164129	0.033690	0.042982	0.188248	0.077981	0.025353	0.152012	0.027609	0.014430	0.023445	
0.001245	0.001356	0.014657	0.040146	0.029028	0.001067	0.003195	0.032637	0.030730	0.044068	0.170556	0.017162	0.027529	0.151856	0.101333	0.029953	0.260405	0.013765	0.011613	0.017698	
0.012606	0.005064	0.010136	0.021265	0.028566	0.005264	0.101633	0.006928	0.013908	0.020201	0.026316	0.016314	0.064616	0.016579	0.061572	0.506520	0.025140	0.017058	0.023759	0.016557	
0.075556	0.090716	0.023809	0.004599	0.005048	0.570099	0.081678	0.008190	0.017398	0.015254	0.002102	0.028995	0.009180	0.003247	0.002180	0.004402	0.001404	0.023058	0.015901	0.017185	
0.021371	0.015224	0.057238	0.007702	0.031310	0.025737	0.023356	0.035510	0.037341	0.028843	0.012398	0.070048	0.170916	0.035154	0.037903	0.093384	0.011299	0.114941	0.070599	0.099725	
0.002367	0.001200	0.011243	0.019065	0.022547	0.002296	0.008027	0.077308	0.053457	0.034365	0.077497	0.055982	0.039073	0.097906	0.085088	0.085663	0.095464	0.072426	0.067531	0.091494	
0.078370	0.116433	0.049725	0.017573	0.015613	0.107357	0.061872	0.020125	0.020480	0.150889	0.039682	0.029075	0.051972	0.045606	0.018419	0.025944	0.017493	0.040136	0.047327	0.045907	
0.002064	0.001962	0.015012	0.024186	0.026250	0.002631	0.004849	0.070021	0.055760	0.030729	0.081180	0.040704	0.046342	0.132698	0.102881	0.050642	0.148639	0.038516	0.054218	0.070717	
0.004337	0.005774	0.018907	0.022470	0.017524	0.005687	0.007707	0.042119	0.029342	0.128322	0.140803	0.028055	0.033430	0.202709	0.063463	0.029157	0.118017	0.034300	0.029633	0.038244	
0.009685	0.013267	0.021613	0.032035	0.044868	0.015558	0.032911	0.032796	0.035242	0.063636	0.082676	0.040401	0.076100	0.098528	0.099531	0.085061	0.087944	0.035104	0.041723	0.051320	
0.001701	0.001675	0.009311	0.093311	0.026787	0.000287	0.008130	0.001648	0.001999	0.036188	0.106625	0.001460	0.095619	0.055413	0.158298	0.226323	0.132022	0.004363	0.027680	0.011159	
0.003596	0.000410	0.004362	0.001092	0.014204	0.002085	0.003906	0.005155	0.012557	0.000844	0.000662	0.090867	0.054786	0.001269	0.006772	0.137269	0.000988	0.340352	0.160408	0.158417	
0.005826	0.002942	0.007232	0.019599	0.043412	0.069674	0.113105	0.047901	0.183328	0.009072	0.007831	0.239512	0.009378	0.005755	0.010442	0.011459	0.007719	0.119357	0.022044	0.064413	
0.005477	0.006113	0.035993	0.038036	0.023534	0.009366	0.028004	0.057416	0.048974	0.065621	0.060260	0.035677	0.090970	0.156412	0.077556	0.087907	0.071198	0.032116	0.033034	0.036337	
0.005113	0.003229	0.017758	0.019235	0.022864	0.008534	0.012490	0.096393	0.102762	0.038673	0.051268	0.086788	0.028810	0.096072	0.044299	0.027521	0.064925	0.085314	0.082268	0.105684	
0.005392	0.012410	0.019961	0.018043	0.020731	0.008820	0.023601	0.017034	0.025681	0.174711	0.123607	0.024562	0.087728	0.163877	0.069224	0.077555	0.061893	0.023285	0.018558	0.023326	
0.002611	0.003823	0.029386	0.014101	0.009075	0.001102	0.001849	0.016855	0.017564	0.119093	0.153359	0.013000	0.082474	0.274590	0.052727	0.048362	0.099130	0.015731	0.022742	0.022428	
0.057901	0.023968	0.195476	0.031651	0.062946	0.018074	0.033937	0.016614	0.052659	0.046673	0.020188	0.046274	0.110612	0.028193	0.028691	0.041284	0.023996	0.049746	0.058241	0.052875	
0.014678	0.002651	0.007547	0.009194	0.010790	0.027568	0.049260	0.032638	0.084103	0.010688	0.009316	0.132944	0.010153	0.006392	0.005905	0.013792	0.005998	0.352233	0.073271	0.140877	
0.004780	0.000955	0.009164	0.006696	0.004795	0.008109	0.023878	0.056441	0.168547	0.009029	0.005641	0.397788	0.014080	0.009937	0.004638	0.029064	0.003710	0.174348	0.024482	0.043918	
0.017937	0.047705	0.007215	0.002090	0.002751	0.751729	0.095608	0.004360	0.011958	0.007693	0.000788	0.018959	0.005722	0.001994	0.001455	0.002808	0.000575	0.010122	0.003470	0.005059	
0.001331	0.000995	0.016172	0.010502	0.038853	0.000994	0.004344	0.011172	0.008255	0.014501	0.034017	0.012235	0.160253	0.100597	0.264243	0.183355	0.092889	0.017699	0.012049	0.015544	
0.001678	0.001438	0.006872	0.037871	0.204858	0.005293	0.036388	0.014374	0.029224	0.005886	0.014327	0.030439	0.051011	0.017230	0.235354	0.191822	0.065637	0.016765	0.013948	0.019587	
0.000768	0.000938	0.006391	0.107307	0.038938	0.001166	0.009557	0.018466	0.032030	0.024845	0.109411	0.013307	0.032985	0.119472	0.141876	0.056758	0.239971	0.010132	0.018732	0.016950	
0.002793	0.002892	0.013078	0.006069	0.051196	0.003956	0.010849	0.007327	0.007551	0.011204	0.009802	0.021113	0.228722	0.024236	0.107208	0.390915	0.017944	0.029196	0.026608	0.027343	
0.001856	0.002855	0.010961	0.034713	0.024205	0.002974	0.004571	0.030718	0.015399	0.056183	0.182535	0.013379	0.030446	0.142626	0.103722	0.040894	0.224629	0.018126	0.026654	0.032555	
0.001632	0.002035	0.008199	0.013801	0.070901	0.001851	0.008281	0.008412	0.005166	0.018753	0.038957	0.007531	0.086084	0.068861	0.300868	0.208022	0.104866	0.012767	0.016972	0.016041	
0.000782	0.000627	0.011176	0.020010	0.039192	0.001804	0.002331	0.139679	0.111251	0.011524	0.044646	0.093175	0.023489	0.091753	0.089172	0.033692	0.137713	0.047147	0.033965	0.066872	
0.015783	0.030183	0.045708	0.020464	0.017344	0.016930	0.026702	0.019022	0.018155	0.217248	0.089274	0.017580	0.102626	0.141041	0.045242	0.070975	0.041545	0.018516	0.024752	0.020911	
0.010715	0.010405	0.058847	0.016741	0.010248	0.002038	0.004567	0.010511	0.012163	0.127322	0.079837	0.015914	0.216591	0.120017	0.035454	0.095589	0.032400	0.034940	0.061384	0.044318	
0.011284	0.002625	0.010488	0.009596	0.027093	0.006134	0.011292	0.018161	0.026474	0.013089	0.013386	0.060102	0.026700	0.009332	0.018565	0.041540	0.012303	0.253803	0.213139	0.214896	
0.003830	0.002171	0.008018	0.017076	0.019027	0.015405	0.030577	0.030244	0.132604	0.023435	0.019521	0.227711	0.023447	0.021426	0.015771	0.025229	0.013191	0.230846	0.047203	0.093268	
0.003579	0.001697	0.014240	0.018702	0.049069	0.005234	0.009473	0.072782	0.065139	0.013609	0.031022	0.110444	0.046109	0.035309	0.055402	0.059015	0.044430	0.147311	0.079106	0.138330	
0.008688	0.007621	0.060781	0.030135	0.018891	0.008752	0.012953	0.084069	0.104836	0.074764	0.056229	0.078942	0.059058	0.134808	0.040266	0.032101	0.060287	0.049334	0.033412	0.044074	
0.012270	0.003688	0.009202	0.043482	0.038828	0.019056	0.233643	0.020540	0.103138	0.016536	0.020647	0.107860	0.027774	0.011023	0.027990	0.129138	0.016839	0.072550	0.040231	0.045567	
0.102549	0.084009	0.027572	0.002589	0.004477	0.489364	0.087428	0.012013	0.015834	0.013437	0.001637	0.029584	0.017478	0.003423	0.002516	0.008467	0.001046	0.035974	0.030817	0.029785	
0.004724	0.004748	0.026710	0.017490	0.030647	0.009062	0.016076	0.068334	0.101503	0.031915	0.030424	0.095878	0.093017	0.080329	0.054996	0.064132	0.038566	0.066517	0.064509	0.100420	
0.002304	0.002894	0.010602	0.017501	0.019156	0.002893	0.006184	0.024004	0.012110	0.053211	0.112751	0.009339	0.048678	0.151637	0.162484	0.062339	0.185627	0.017104	0.052699	0.046482	
0.000844	0.001213	0.006208	0.012542	0.016953	0.001304	0.003288	0.026959	0.014089	0.056123	0.140575	0.011194	0.031815	0.201827	0.117960	0.030303	0.219188	0.016379	0.040933	0.050305	
0.000248	0.000308	0.001674	0.021762	0.029259	0.000323	0.001981	0.010149	0.004282	0.008302	0.078463	0.003058	0.015692	0.074635	0.274705	0.035724	0.367413	0.004872	0.039132	0.028018	
0.000652	0.000592	0.003922	0.022503	0.020715	0.000601	0.001333	0.031635	0.010104	0.018529	0.101794	0.006810	0.011164	0.116087	0.113409	0.015642	0.380542	0.012445	0.069646	0.061874	
0.001833	0.002496	0.010953	0.026799	0.046585	0.001815	0.005643	0.012152	0.008471	0.060346	0.120922	0.010445	0.040803	0.122579	0.167902	0.031728	0.240403	0.017225	0.033063	0.037837	
0.003384	0.004440	0.011314	0.037584	0.043840	0.004076	0.013657	0.026464	0.026064	0.074257	0.136615	0.024309	0.034286	0.108781	0.116769	0.050149	0.167178	0.028569	0.038971	0.049291	
0.005789	0.008500	0.035902	0.026197	0.019643	0.005621	0.007226	0.030441	0.025532	0.129806	0.139892	0.022398	0.049050	0.193586	0.063928	0.020765	0.129035	0.023704	0.029781	0.033205	
0.006344	0.002395	0.013341	0.047479	0.053964	0.003314	0.013155	0.047410	0.042394	0.022887	0.104175	0.026028	0.018309	0.056701	0.091011	0.033409	0.200410	0.042441	0.086057	0.088776	
0.086765	0.020699	0.068575	0.023057	0.032660	0.029801	0.055987	0.049738	0.046506	0.031850	0.016901	0.065288	0.041724	0.021883	0.025873	0.034079	0.021874	0.100241	0.117939	0.108560	
0.006949	0.003580	0.010776	0.015014	0.015044	0.040150	0.053402	0.080936	0.207331	0.016667	0.013949	0.206379	0.012984	0.017056	0.010429	0.013806	0.011799	0.109193	0.052900	0.101656	
0.006777	0.006231	0.023839	0.017903	0.023377	0.015606	0.043161	0.062956	0.045370	0.049782	0.052300	0.038567	0.081283	0.105442	0.087147	0.086065	0.059040	0.042009	0.069977	0.083169	
0.006600	0.006325	0.010611	0.011175	0.012092	0.009612	0.021725	0.038357	0.024281	0.055605	0.060064	0.031079	0.054956	0.070208	0.043917	0.061270	0.038635	0.073334	0.172955	0.197198	
0.005821	0.006274	0.010352	0.008206	0.007883	0.004134	0.005476	0.027672	0.012579	0.128072	0.155179	0.020772	0.035857	0.094672	0.035073	0.027312	0.058479	0.064151	0.121728	0.170310	
0.002254	0.002604	0.006868	0.038693	0.018030	0.002384	0.007128	0.026545	0.017703	0.056574	0.142419	0.018124	0.028421	0.109143	0.082472	0.029153	0.164085	0.030474	0.114857	0.102066	
0.002094	0.001863	0.006543	0.025191	0.037387	0.002187	0.009646	0.022813	0.016443	0.028429	0.082084	0.017366	0.045403	0.085237	0.125392	0.065978	0.139756	0.036131	0.129099	0.120960	
0.003795	0.002388	0.009986	0.017499	0.037804	0.002453	0.008429	0.030827	0.010751	0.022910	0.056433	0.015644	0.049183	0.063993	0.128393	0.068646	0.119141	0.041033	0.169958	0.140731	
0.006214	0.006077	0.012630	0.026133	0.023293	0.010707	0.018641	0.040674	0.036508	0.087991	0.108075	0.034895	0.023435	0.112567	0.052937	0.022678	0.104567	0.063900	0.101435	0.106646	
0.004140	0.002897	0.011965	0.022786	0.034645	0.005742	0.014383	0.048854	0.031858	0.049429	0.090290	0.045769	0.035918	0.093889	0.092710	0.040585	0.119454	0.081953	0.073053	0.099679	
0.006646	0.005545	0.016182	0.015938	0.038182	0.011251	0.017348	0.064515	0.037499	0.054315	0.064813	0.059505	0.048988	0.072790	0.077927	0.061793	0.071418	0.090760	0.069594	0.114992	
0.001618	0.001147	0.005452	0.016592	0.023213	0.002361	0.005108	0.108055	0.028059	0.012848	0.046029	0.040773	0.025317	0.059669	0.075292	0.034939	0.091358	0.073772	0.146625	0.201772	
0.001834	0.002663	0.007123	0.078116	0.029386	0.000832	0.006878	0.014105	0.009255	0.023571	0.060480	0.007102	0.064106	0.077674	0.103405	0.096919	0.109467	0.015502	0.204225	0.087357	
0.005701	0.004575	0.015369	0.002711	0.008980	0.001425	0.002699	0.003694	0.003893	0.003751	0.001389	0.010258	0.190696	0.005166	0.011521	0.155076	0.001929	0.034745	0.380447	0.155975	
0.001905	0.000468	0.000716	0.000721	0.001157	0.000833	0.001094	0.004313	0.001443	0.001571	0.001897	0.004965	0.003905	0.001374	0.002250	0.007613	0.001515	0.083429	0.506816	0.372017	
0.001302	0.000278	0.000853	0.001638	0.002908	0.003160	0.004880	0.012634	0.014826	0.001486	0.001578	0.071852	0.002563	0.001289	0.001755	0.002841	0.001392	0.312433	0.164212	0.396119	
0.000689	0.000248	0.001814	0.003360	0.008326	0.001987	0.003941	0.034017	0.044690	0.001921	0.002945	0.169449	0.009671	0.002465	0.005025	0.016479	0.002659	0.331846	0.079087	0.279384	
0.001927	0.000480	0.004612	0.011410	0.011157	0.003254	0.032633	0.070216	0.127219	0.003157	0.005623	0.204055	0.031342	0.011318	0.021603	0.164882	0.008740	0.115980	0.068913	0.101476	
0.033524	0.043390	0.009824	0.002266	0.005827	0.637409	0.141296	0.007984	0.015371	0.005061	0.000661	0.034437	0.008832	0.001350	0.001765	0.004955	0.000492	0.023073	0.008742	0.013741	
0.006509	0.012864	0.095965	0.009464	0.012573	0.007968	0.009832	0.013444	0.023208	0.089501	0.028609	0.023312	0.322139	0.171175	0.048020	0.070104	0.023091	0.013448	0.007809	0.010963	
0.001109	0.001446	0.010986	0.030784	0.101067	0.001610	0.011289	0.010941	0.012680	0.023765	0.048398	0.011025	0.089977	0.073292	0.294544	0.117273	0.126582	0.009774	0.009913	0.013545	
0.000560	0.000940	0.004566	0.018354	0.021488	0.000893	0.002701	0.009724	0.009851	0.061990	0.204336	0.006017	0.022763	0.185105	0.129328	0.038035	0.261573	0.006434	0.006448	0.008893	
0.000673	0.000948	0.006225	0.026777	0.027822	0.000956	0.002111	0.023565	0.008873	0.025646	0.124651	0.008588	0.021374	0.141886	0.160361	0.019895	0.351805	0.009336	0.016520	0.021992	
0.002231	0.004916	0.010736	0.029214	0.024310	0.001855	0.004795	0.006362	0.005081	0.129004	0.189104	0.003871	0.026723	0.189990	0.106430	0.019384	0.223717	0.004728	0.008636	0.008912	
0.002040	0.002693	0.017551	0.020850	0.036395	0.001922	0.007054	0.016723	0.009087	0.050845	0.095966	0.009777	0.090852	0.176082	0.189376	0.057605	0.175053	0.009574	0.013494	0.017059	
0.002968	0.008071	0.010407	0.029400	0.013013	0.004359	0.010168	0.008374	0.011139	0.232066	0.251444	0.005375	0.018508	0.173706	0.045819	0.012007	0.141889	0.004929	0.007440	0.008920	
0.001047	0.002145	0.008563	0.011713	0.011458	0.001003	0.002729	0.006593	0.003952	0.109096	0.208557	0.003871	0.047692	0.224165	0.110422	0.028001	0.192364	0.006335	0.008684	0.011609	
0.001201	0.002839	0.006168	0.013312	0.011881	0.001119	0.001942	0.008553	0.004615	0.136260	0.243632	0.004715	0.021926	0.194628	0.076874	0.024281	0.205945	0.007786	0.015862	0.016459	
0.000246	0.000538	0.003699	0.014244	0.015322	0.000324	0.001146	0.008679	0.004669	0.033128	0.137356	0.003163	0.026069	0.240908	0.164285	0.027064	0.290953	0.004220	0.012572	0.011417	
0.004851	0.004456	0.107329	0.024682	0.027894	0.000933	0.002706	0.009608	0.011061	0.049779	0.062052	0.010508	0.263414	0.125828	0.066031	0.066828	0.078428	0.015260	0.036130	0.032221	
0.031868	0.003235	0.007956	0.009494	0.008383	0.008810	0.038793	0.018077	0.018084	0.024458	0.026861	0.051425	0.014386	0.007256	0.007015	0.023107	0.009373	0.353026	0.135899	0.202494	
0.002545	0.000355	0.002582	0.005295	0.005840	0.011409	0.048769	0.019536	0.257299	0.001617	0.000914	0.509019	0.002532	0.001012	0.001553	0.009050	0.000976	0.091872	0.008251	0.019573	
0.017274	0.036666	0.007652	0.000884	0.001162	0.832217	0.068467	0.002845	0.004903	0.004781	0.000367	0.007268	0.003463	0.001297	0.000820	0.001143	0.000326	0.004239	0.001767	0.002460	
0.003203	0.003454	0.031209	0.006931	0.053964	0.005033	0.012639	0.019663	0.016271	0.014066	0.013069	0.023178	0.230290	0.072280	0.211767	0.180390	0.038690	0.020596	0.018067	0.025239	
0.000490	0.001069	0.006442	0.019780	0.013140	0.000841	0.003033	0.018538	0.014016	0.053106	0.154091	0.008064	0.038886	0.228676	0.150615	0.062082	0.200970	0.006007	0.009347	0.010807	
0.003997	0.007026	0.011406	0.020119	0.018124	0.002545	0.007643	0.011292	0.006487	0.159438	0.236575	0.006853	0.042414	0.152249	0.084099	0.050023	0.139768	0.010177	0.013444	0.016320	
0.002680	0.003584	0.010722	0.024439	0.031656	0.004013	0.007512	0.026749	0.012891	0.049944	0.143122	0.014402	0.040351	0.129247	0.160121	0.052566	0.218330	0.016341	0.021469	0.029860	
0.001276	0.002578	0.008815	0.021905	0.014745	0.001751	0.003919	0.015232	0.009615	0.109069	0.207541	0.008047	0.024557	0.225872	0.089135	0.025569	0.200327	0.008435	0.009447	0.012166	
0.001917	0.002281	0.010014	0.021793	0.053373	0.002214	0.011609	0.028842	0.011730	0.030133	0.107765	0.015227	0.067232	0.101262	0.209558	0.100045	0.167610	0.018991	0.012678	0.025727	
0.004297	0.005117	0.022358	0.103661	0.032860	0.006037	0.017741	0.040937	0.063637	0.079768	0.170891	0.044945	0.030864	0.102190	0.049863	0.033852	0.129774	0.022849	0.015102	0.023257	
0.297871	0.503243	0.052777	0.004317	0.000509	0.017452	0.010699	0.000547	0.000236	0.048691	0.003185	0.000376	0.035198	0.005909	0.001253	0.006626	0.000784	0.000995	0.007711	0.001621	
0.002019	0.000857	0.011175	0.003115	0.037465	0.002213	0.003230	0.008786	0.018247	0.003100	0.003276	0.080640	0.235665	0.008785	0.043966	0.295970	0.005830	0.112549	0.053473	0.069642	
0.001527	0.003179	0.014290	0.025508	0.024099	0.003384	0.005063	0.030153	0.020337	0.078580	0.140585	0.013869	0.037668	0.210752	0.120881	0.037310	0.192918	0.011028	0.012600	0.016267	
0.000491	0.000701	0.003421	0.019572	0.040983	0.000880	0.004907	0.010523	0.004988	0.017600	0.088333	0.004366	0.024980	0.109783	0.287456	0.041859	0.309474	0.005825	0.010809	0.013048	
0.001100	0.001940	0.016581	0.040025	0.034227	0.001852	0.002687	0.023942	0.021817	0.038551	0.097084	0.012659	0.041078	0.212099	0.123089	0.029085	0.253038	0.009922	0.019260	0.019964	
0.012960	0.007551	0.038934	0.011286	0.018267	0.005150	0.008952	0.052949	0.024089	0.049692	0.037591	0.047460	0.131967	0.077263	0.044223	0.078434	0.034882	0.084289	0.106707	0.127353	
0.008038	0.011029	0.011112	0.069895	0.056151	0.023029	0.140103	0.017107	0.047490	0.068864	0.068746	0.044476	0.048248	0.046777	0.073624	0.069975	0.053173	0.036199	0.049866	0.056098	
0.012200	0.009937	0.021429	0.024182	0.040081	0.010900	0.022937	0.023969	0.025274	0.049293	0.065200	0.026599	0.076135	0.065174	0.081976	0.091779	0.069131	0.055120	0.109768	0.118916	
0.010107	0.005703	0.018171	0.030201	0.051510	0.010057	0.027707	0.042003	0.045207	0.033867	0.049103	0.043938	0.036137	0.044652	0.068864	0.042049	0.071292	0.073589	0.133935	0.161907	
0.003641	0.002533	0.006153	0.015220	0.011904	0.006797	0.011959	0.039004	0.037620	0.037733	0.063151	0.061277	0.021638	0.056778	0.031656	0.025923	0.046447	0.136405	0.171492	0.212671	
0.004926	0.003129	0.010028	0.026925	0.045992	0.005386	0.023333	0.035329	0.038212	0.013667	0.026407	0.046035	0.051119	0.030404	0.066547	0.107222	0.041394	0.063642	0.194780	0.165521	
0.011600	0.003470	0.011977	0.006307	0.008416	0.005130	0.009947	0.060821	0.018264	0.023358	0.032794	0.037989	0.030398	0.032759	0.020449	0.031900	0.022639	0.133161	0.220237	0.278384	
0.009688	0.005529	0.006769	0.035609	0.032540	0.034905	0.109993	0.046144	0.077777	0.025392	0.033130	0.108618	0.015169	0.018862	0.029097	0.022702	0.028401	0.124863	0.092026	0.142787	
0.002098	0.001715	0.010668	0.024150	0.034115	0.003287	0.009078	0.053948	0.056827	0.028961	0.081854	0.065049	0.044930	0.080017	0.100521	0.087728	0.116012	0.065514	0.046593	0.086934	
0.004234	0.004231	0.011542	0.034014	0.058212	0.007442	0.023680	0.032118	0.020306	0.040811	0.090675	0.023520	0.039986	0.093538	0.157523	0.058633	0.161425	0.035624	0.046806	0.055683	
0.001838	0.002344	0.011645	0.073079	0.076126	0.002663	0.006396	0.035427	0.068095	0.025765	0.097828	0.028474	0.016426	0.088013	0.107654	0.023634	0.247479	0.020196	0.029759	0.037160	
0.033350	0.026290	0.183404	0.007136	0.008810	0.007970	0.004769	0.026312	0.015054	0.081927	0.025109	0.023446	0.208787	0.105162	0.026564	0.046971	0.021503	0.035279	0.062264	0.049894	
0.036281	0.011389	0.017932	0.015034	0.023074	0.032273	0.057531	0.030481	0.037820	0.028012	0.023110	0.067798	0.026199	0.012301	0.016655	0.030732	0.013174	0.181911	0.144962	0.193330	
0.012682	0.004543	0.021522	0.015653	0.023227	0.026029	0.050786	0.063373	0.153855	0.018221	0.012748	0.208110	0.029123	0.019467	0.017636	0.033182	0.013131	0.131143	0.056002	0.089566	
0.021585	0.020302	0.014440	0.028846	0.027176	0.094155	0.225976	0.045270	0.070969	0.038612	0.029860	0.056020	0.029046	0.028770	0.026076	0.032250	0.021620	0.054455	0.057803	0.076771	
0.004145	0.005858	0.020364	0.025284	0.018653	0.003943	0.009972	0.016490	0.019264	0.124041	0.152906	0.014146	0.059723	0.184113	0.086205	0.041583	0.124874	0.020138	0.033934	0.034364	
0.004817	0.006421	0.014359	0.027994	0.020595	0.006034	0.011835	0.023378	0.021534	0.079511	0.106651	0.017392	0.045395	0.193230	0.097019	0.040786	0.147935	0.023591	0.065415	0.046107	
0.005698	0.006368	0.017149	0.023485	0.032476	0.004433	0.009508	0.021643	0.016627	0.082742	0.130463	0.017780	0.053326	0.133707	0.096883	0.046247	0.141451	0.034918	0.061121	0.063974	
0.004719	0.004941	0.018238	0.023834	0.045025	0.006153	0.012786	0.022171	0.024434	0.082646	0.094355	0.033940	0.067872	0.100065	0.100301	0.065480	0.107880	0.057851	0.055644	0.071668	
0.003705	0.003522	0.013099	0.020033	0.027231	0.006292	0.008736	0.067356	0.060431	0.050512	0.079833	0.071983	0.035921	0.089390	0.055609	0.041513	0.076111	0.096347	0.074770	0.117607	
0.004936	0.002531	0.016363	0.018401	0.030265	0.003845	0.008777	0.076800	0.044352	0.025212	0.050767	0.076745	0.057488	0.060111	0.060757	0.085897	0.059512	0.095940	0.100040	0.121260	
0.036070	0.038426	0.056213	0.054607	0.027359	0.032697	0.061689	0.027597	0.048236	0.092724	0.047989	0.047816	0.072341	0.048780	0.031291	0.044282	0.032052	0.057021	0.070520	0.072290	
0.007360	0.002642	0.009847	0.013721	0.026376	0.007759	0.055411	0.019736	0.050372	0.011310	0.013850	0.092484	0.076991	0.016123	0.042992	0.303029	0.014596	0.090475	0.066336	0.078591	
0.065840	0.090449	0.020001	0.002954	0.005101	0.549801	0.076582	0.011344	0.019465	0.011961	0.001515	0.031815	0.010823	0.002702	0.002297	0.004947	0.001096	0.026287	0.028777	0.036242	
0.003082	0.002789	0.011192	0.017020	0.025652	0.004082	0.013762	0.037249	0.034791	0.019656	0.042650	0.034148	0.081220	0.060836	0.081731	0.080479	0.053924	0.065773	0.136502	0.193460	
0.004104	0.003833	0.012707	0.011446	0.016901	0.002967	0.007078	0.018430	0.013833	0.065351	0.063597	0.023526	0.076350	0.081451	0.065432	0.085100	0.050220	0.066312	0.178044	0.153317	
0.002864	0.001960	0.005563	0.029263	0.024252	0.004141	0.013347	0.042058	0.037121	0.028550	0.086010	0.031964	0.018946	0.062573	0.063694	0.035437	0.111677	0.057938	0.176764	0.165877	
0.008660	0.005807	0.011945	0.018269	0.035043	0.007218	0.020527	0.029608	0.013920	0.034705	0.051114	0.024010	0.051227	0.055191	0.100673	0.086229	0.066833	0.067566	0.169142	0.142313	
0.001526	0.000874	0.005228	0.014839	0.028440	0.002930	0.004780	0.146042	0.062155	0.008166	0.028862	0.069647	0.012749	0.039517	0.062711	0.028770	0.084540	0.074015	0.134100	0.190109	
0.003502	0.005821	0.024392	0.020431	0.035390	0.005611	0.006695	0.061991	0.057434	0.069258	0.066781	0.041414	0.055449	0.133494	0.065744	0.044103	0.082185	0.042697	0.084991	0.092616	
0.004902	0.006892	0.055804	0.004226	0.006747	0.001902	0.002071	0.016648	0.017303	0.068324	0.025275	0.026625	0.245712	0.108403	0.021750	0.055179	0.014511	0.051235	0.146955	0.119535	
0.002735	0.000685	0.000679	0.000712	0.001007	0.001594	0.002756	0.004711	0.002796	0.000932	0.000958	0.005520	0.002654	0.000748	0.001114	0.004209	0.000702	0.049555	0.567615	0.348318	
0.001477	0.000302	0.000488	0.000289	0.000632	0.001172	0.001160	0.006715	0.002445	0.000675	0.000544	0.008927	0.001490	0.000547	0.000673	0.001520	0.000460	0.096320	0.368155	0.506009	
0.000389	0.000095	0.000228	0.001179	0.002698	0.000675	0.001531	0.010114	0.009103	0.000146	0.000220	0.022427	0.000571	0.000175	0.000701	0.001025	0.000445	0.094830	0.314932	0.538515	
0.000125	0.000021	0.000115	0.000209	0.000681	0.000302	0.000393	0.008438	0.006950	0.000074	0.000117	0.024026	0.000526	0.000176	0.000475	0.001096	0.000220	0.169145	0.278163	0.508748	
0.000896	0.000118	0.000299	0.000375	0.000545	0.000384	0.001042	0.009097	0.002427	0.000265	0.000299	0.016517	0.001359	0.000281	0.000427	0.001961	0.000197	0.189717	0.297056	0.476738	
0.000685	0.000078	0.000314	0.000160	0.001577	0.001097	0.001023	0.018133	0.010477	0.000055	0.000039	0.117908	0.001099	0.000052	0.000221	0.001551	0.000045	0.332301	0.127881	0.385305	
0.000438	0.000452	0.001700	0.523497	0.034112	0.000788	0.027955	0.009774	0.103009	0.002769	0.007382	0.020247	0.004301	0.007078	0.020032	0.012672	0.024504	0.011744	0.137200	0.050348	
0.001193	0.000102	0.000514	0.000068	0.002328	0.000725	0.001254	0.001149	0.001665	0.000072	0.000043	0.014318	0.007233	0.000068	0.000570	0.010418	0.000052	0.300502	0.247112	0.410614	
0.001044	0.000299	0.000940	0.000438	0.001052	0.002155	0.000961	0.014904	0.009355	0.001657	0.000814	0.047366	0.002136	0.001249	0.000784	0.001751	0.000496	0.286211	0.228776	0.397611	
0.000242	0.000078	0.000391	0.000979	0.001696	0.001130	0.001226	0.054439	0.060787	0.000166	0.000225	0.096725	0.000724	0.000458	0.000665	0.001111	0.000422	0.146451	0.194636	0.437448	
0.000829	0.000146	0.000443	0.000840	0.001094	0.000421	0.001030	0.003621	0.002441	0.000772	0.000940	0.008856	0.002321	0.000711	0.001106	0.004307	0.000630	0.142940	0.462927	0.363626	
0.000813	0.000138	0.000467	0.000269	0.001440	0.001589	0.001067	0.010023	0.007114	0.000818	0.000504	0.075084	0.001639	0.000495	0.000570	0.001920	0.000278	0.540499	0.078903	0.276368	
0.000380	0.000215	0.001387	0.004335	0.006834	0.002405	0.003173	0.129751	0.102798	0.002745	0.005013	0.253157	0.003870	0.005732	0.007136	0.007714	0.005484	0.185812	0.073354	0.198705	
0.000469	0.000526	0.007623	0.016656	0.058308	0.000869	0.002490	0.028843	0.013735	0.012052	0.047182	0.010955	0.051052	0.107017	0.266761	0.103891	0.175975	0.017598	0.037968	0.040029	
0.001611	0.000501	0.003918	0.002501	0.011375	0.002343	0.002173	0.221684	0.051252	0.001297	0.001961	0.078294	0.004809	0.004540	0.008174	0.004684	0.006631	0.097867	0.142895	0.351492	
0.000894	0.001535	0.002208	0.028107	0.009721	0.001206	0.004428	0.014969	0.010804	0.105582	0.357428	0.009046	0.007299	0.095339	0.054062	0.013011	0.170516	0.019576	0.045393	0.048876	
0.002092	0.002583	0.008539	0.027551	0.013709	0.001315	0.002337	0.030334	0.009555	0.061004	0.185988	0.011641	0.022316	0.153616	0.066607	0.017529	0.218933	0.024114	0.064618	0.075619	
0.004957	0.007123	0.014847	0.045291	0.035972	0.004403	0.014755	0.014112	0.012300	0.073865	0.111337	0.009618	0.044721	0.126608	0.114640	0.039483	0.161692	0.018830	0.088304	0.057142	
0.006919	0.006348	0.013826	0.028837	0.052780	0.006163	0.014921	0.025194	0.020518	0.045110	0.086813	0.022923	0.045151	0.075365	0.099363	0.043998	0.109475	0.061181	0.112797	0.122319	
0.007463	0.005358	0.015781	0.025636	0.037074	0.008461	0.017859	0.054414	0.076945	0.033598	0.040282	0.075008	0.030196	0.046379	0.041320	0.043031	0.048819	0.094824	0.140665	0.156886	
0.036417	0.028926	0.036289	0.017418	0.015090	0.022349	0.032555	0.020548	0.016862	0.134915	0.064130	0.029945	0.054938	0.049847	0.026426	0.032793	0.026194	0.109101	0.116321	0.128937	
0.004644	0.001185	0.005938	0.004804	0.015864	0.005324	0.008028	0.036378	0.042679	0.006332	0.006650	0.123016	0.019387	0.008525	0.012471	0.029962	0.007077	0.302774	0.141071	0.217891	
0.005147	0.002578	0.018244	0.021048	0.030044	0.010161	0.019591	0.072892	0.131798	0.013309	0.013547	0.166633	0.038290	0.024470	0.026932	0.039695	0.017528	0.128298	0.091911	0.127883	
0.015061	0.005812	0.015594	0.021517	0.023962	0.014610	0.041954	0.043812	0.044779	0.025905	0.026519	0.069585	0.045508	0.026854	0.027519	0.061007	0.020900	0.162522	0.132779	0.173799	
0.008204	0.003835	0.013676	0.049412	0.067310	0.016384	0.045564	0.042545	0.130001	0.021796	0.023591	0.187249	0.019175	0.017221	0.030301	0.026789	0.027465	0.139480	0.047168	0.082832	
0.005730	0.005541	0.017514	0.035333	0.046691	0.024439	0.055874	0.038231	0.126669	0.029622	0.034149	0.101509	0.061685	0.064247	0.068171	0.093616	0.044772	0.062504	0.035064	0.048638	
0.010187	0.005734	0.024975	0.009302	0.022943	0.012520	0.020609	0.090043	0.053531	0.025720	0.024112	0.093516	0.077773	0.042561	0.040513	0.063535	0.022984	0.121342	0.089102	0.148999	
0.005881	0.011637	0.015087	0.024272	0.013929	0.008181	0.016830	0.012685	0.017317	0.224419	0.212670	0.015303	0.042862	0.136687	0.050880	0.036497	0.082300	0.021541	0.023220	0.027800	
0.006922	0.009720	0.017278	0.027822	0.017165	0.003610	0.006547	0.019742	0.011304	0.135661	0.201306	0.012962	0.042235	0.162837	0.067739	0.031605	0.136840	0.021756	0.032542	0.034406	
0.003201	0.004669	0.010817	0.032825	0.047428	0.005553	0.012358	0.022798	0.018484	0.056908	0.128095	0.015069	0.030141	0.136742	0.144510	0.038357	0.220059	0.017409	0.024019	0.030559	
0.003809	0.005688	0.018882	0.020594	0.028367	0.004094	0.006960	0.025356	0.017356	0.095669	0.141657	0.013214	0.042790	0.213789	0.097150	0.037115	0.162047	0.016942	0.022082	0.026439	
0.012203	0.013569	0.043053	0.051436	0.025599	0.004831	0.023992	0.012445	0.023224	0.137489	0.102090	0.015664	0.100582	0.129015	0.064787	0.079443	0.078707	0.020777	0.034286	0.026810	
0.008535	0.002355	0.011936	0.004830	0.017676	0.006469	0.007485	0.014536	0.029917	0.014444	0.009712	0.106087	0.047974	0.011390	0.012049	0.040613	0.006123	0.405503	0.093628	0.148738	
0.003974	0.001842	0.013236	0.007977	0.017621	0.010387	0.009968	0.033664	0.130027	0.013717	0.006822	0.344762	0.028918	0.010920	0.006977	0.018377	0.004442	0.239128	0.028940	0.068302	
0.001864	0.002589	0.012632	0.077804	0.027206	0.002138	0.020919	0.005784	0.021413	0.036167	0.033289	0.024577	0.191859	0.051084	0.079507	0.238762	0.032268	0.034933	0.066596	0.038609	
0.003120	0.001164	0.007050	0.003670	0.039634	0.003065	0.005886	0.003604	0.009503	0.002630	0.001991	0.043692	0.126982	0.003126	0.021595	0.184542	0.002790	0.199603	0.165539	0.170814	
0.004481	0.001734	0.005486	0.005514	0.011513	0.010821	0.009465	0.053068	0.038230	0.005697	0.006501	0.102598	0.016130	0.008896	0.011150	0.022178	0.007161	0.222674	0.186222	0.270483	
0.006188	0.003725	0.011862	0.027345	0.027199	0.008038	0.016594	0.100677	0.049940	0.018726	0.030731	0.075225	0.023753	0.039125	0.040269	0.026561	0.039566	0.119534	0.134798	0.200146	
0.005771	0.004077	0.018634	0.039355	0.040531	0.004906	0.019724	0.067110	0.071653	0.020011	0.030958	0.069396	0.052686	0.056431	0.070619	0.104750	0.055269	0.060644	0.109367	0.098108	
0.015301	0.009825	0.017903	0.040974	0.038025	0.026219	0.093154	0.039303	0.115064	0.026238	0.029071	0.108097	0.038820	0.026806	0.033183	0.087169	0.025133	0.085337	0.070050	0.074329	
0.123211	0.062046	0.044574	0.005496	0.015008	0.123507	0.120233	0.012706	0.023183	0.014724	0.002815	0.057005	0.070932	0.005100	0.009893	0.101568	0.002199	0.084979	0.069805	0.051016	
