0.029884	0.043930	0.053327	0.022707	0.030422	0.041244	0.038708	0.038874	0.050884	0.071859	0.039287	0.058413	0.106248	0.063867	0.043969	0.073225	0.028475	0.059121	0.049538	0.056020	
0.013735	0.016885	0.029503	0.021643	0.031611	0.014441	0.020458	0.018655	0.027497	0.056358	0.043771	0.031436	0.146478	0.064464	0.067988	0.156878	0.037269	0.060422	0.069247	0.071262	
0.019234	0.013947	0.042179	0.012411	0.028126	0.020144	0.021140	0.019750	0.045854	0.045304	0.022942	0.083847	0.133305	0.037795	0.034207	0.085604	0.017118	0.149637	0.071089	0.096366	
0.004688	0.002226	0.009439	0.014070	0.024815	0.010771	0.018601	0.022712	0.083411	0.014545	0.013261	0.182750	0.052509	0.015706	0.023406	0.065272	0.012152	0.231578	0.074034	0.124055	
0.002798	0.002506	0.007507	0.157887	0.047857	0.005632	0.076455	0.008008	0.034870	0.022922	0.031686	0.026130	0.085384	0.045035	0.104926	0.185661	0.049070	0.030417	0.041206	0.034045	
0.001116	0.000804	0.005583	0.002051	0.029855	0.005356	0.005083	0.005981	0.019631	0.002464	0.001818	0.142275	0.177194	0.004585	0.019230	0.197833	0.002172	0.240897	0.046464	0.089606	
0.001331	0.001471	0.006912	0.022009	0.050158	0.003644	0.007305	0.024201	0.021514	0.024462	0.075627	0.028543	0.062495	0.090470	0.166463	0.138192	0.127330	0.056440	0.037413	0.054019	
0.002162	0.002759	0.012335	0.016080	0.067763	0.008178	0.010659	0.059669	0.039011	0.017739	0.026809	0.076317	0.073945	0.069436	0.162232	0.098848	0.072680	0.069713	0.040579	0.073087	
0.001174	0.002673	0.009599	0.030917	0.053658	0.003814	0.007502	0.015739	0.014706	0.028113	0.064987	0.012234	0.079446	0.126734	0.217074	0.133834	0.145234	0.013121	0.019176	0.020266	
0.003430	0.002128	0.021154	0.005573	0.036436	0.002851	0.003948	0.059089	0.024891	0.011408	0.015283	0.066204	0.164782	0.035478	0.070838	0.175832	0.026316	0.086280	0.071185	0.116894	
0.002918	0.006201	0.007409	0.177888	0.032347	0.001570	0.042322	0.001451	0.004119	0.059235	0.073385	0.001816	0.066356	0.042046	0.139485	0.236009	0.079592	0.002462	0.017129	0.006258	
0.001964	0.000591	0.003298	0.001032	0.028308	0.007058	0.005953	0.003518	0.021877	0.000617	0.000375	0.128024	0.051560	0.000699	0.005575	0.066345	0.000587	0.360186	0.117366	0.195068	
0.002017	0.000901	0.004728	0.011805	0.019129	0.005550	0.008675	0.038299	0.072475	0.004317	0.007959	0.091947	0.019057	0.010693	0.020753	0.034049	0.014004	0.142018	0.232096	0.259526	
0.015790	0.007122	0.014929	0.003746	0.007852	0.019325	0.022431	0.027343	0.022831	0.012785	0.004760	0.061553	0.042710	0.008755	0.009115	0.034001	0.003412	0.203530	0.189701	0.288309	
0.002870	0.001666	0.002261	0.003143	0.005776	0.005155	0.006320	0.014243	0.017980	0.006694	0.006543	0.059876	0.013721	0.005914	0.006187	0.013902	0.003723	0.227757	0.254568	0.341700	
0.000914	0.000536	0.002598	0.004495	0.018114	0.005302	0.007157	0.031950	0.079668	0.001501	0.002304	0.087461	0.016604	0.005639	0.012073	0.021799	0.005230	0.113154	0.240374	0.343128	
0.003583	0.001257	0.002728	0.001378	0.002571	0.001541	0.003296	0.007517	0.007262	0.003589	0.002457	0.013052	0.017192	0.003090	0.003270	0.019111	0.001699	0.084249	0.499425	0.321732	
0.001462	0.000291	0.000298	0.000614	0.001712	0.004404	0.005683	0.004307	0.008244	0.000695	0.000567	0.018765	0.000948	0.000311	0.000665	0.001521	0.000456	0.131844	0.347211	0.470003	
0.000476	0.000133	0.000407	0.000173	0.000472	0.001190	0.000703	0.017670	0.007347	0.000377	0.000264	0.020956	0.001015	0.000434	0.000463	0.000793	0.000281	0.115290	0.301211	0.530345	
0.000211	0.000076	0.000110	0.000218	0.000485	0.000451	0.000331	0.030930	0.003994	0.000133	0.000273	0.009657	0.000326	0.000345	0.000663	0.000684	0.000513	0.062318	0.392421	0.495861	
0.000161	0.000049	0.000145	0.000334	0.000648	0.000234	0.000162	0.024403	0.004073	0.000102	0.000341	0.010009	0.000440	0.000617	0.000978	0.001091	0.001036	0.054408	0.527221	0.373548	
0.000898	0.000308	0.000484	0.000773	0.001044	0.000709	0.000707	0.016452	0.004278	0.000583	0.000799	0.018413	0.001749	0.000807	0.001096	0.002922	0.000793	0.133370	0.433367	0.380447	
0.001279	0.000336	0.001372	0.000814	0.002996	0.001891	0.002661	0.039988	0.016368	0.001511	0.001651	0.100414	0.006205	0.001577	0.002874	0.010813	0.001197	0.378896	0.117779	0.309380	
0.000836	0.000640	0.002588	0.006759	0.008043	0.007312	0.009138	0.126916	0.155144	0.002594	0.003030	0.332516	0.005700	0.003316	0.003560	0.005156	0.002630	0.176830	0.029980	0.117311	
0.003978	0.006837	0.016615	0.051704	0.012800	0.004386	0.015749	0.019927	0.014194	0.034177	0.042991	0.012822	0.166136	0.112697	0.093013	0.173281	0.051040	0.027846	0.084226	0.055581	
0.003166	0.001815	0.008928	0.002755	0.060538	0.007399	0.009181	0.016276	0.016537	0.001802	0.001987	0.073335	0.157285	0.006106	0.035578	0.223027	0.004373	0.159047	0.088330	0.122536	
0.002832	0.003711	0.015812	0.021670	0.031982	0.015671	0.013737	0.074915	0.065489	0.030124	0.045169	0.088663	0.058330	0.090137	0.071014	0.072871	0.066695	0.080992	0.058583	0.091604	
0.030281	0.078839	0.029106	0.070119	0.014742	0.018460	0.066153	0.005443	0.007767	0.087835	0.028716	0.007341	0.163378	0.054907	0.034295	0.153879	0.015977	0.013386	0.092382	0.026992	
0.001469	0.000633	0.004538	0.001800	0.036783	0.002466	0.003464	0.003782	0.010718	0.001991	0.002551	0.052033	0.142078	0.003564	0.021564	0.217867	0.003187	0.226577	0.108303	0.154635	
0.005515	0.005629	0.023294	0.013699	0.062452	0.015261	0.018179	0.025623	0.036660	0.062521	0.036511	0.070023	0.072621	0.045436	0.072367	0.053958	0.041140	0.140289	0.074329	0.124492	
0.000606	0.000444	0.002521	0.010844	0.014328	0.002449	0.003252	0.171297	0.106247	0.004427	0.017683	0.078540	0.006438	0.026187	0.036887	0.013743	0.054703	0.085335	0.140060	0.224010	
0.001513	0.000643	0.002583	0.010878	0.015347	0.001660	0.007665	0.031003	0.031123	0.004457	0.012580	0.037942	0.020082	0.013186	0.028313	0.112515	0.021201	0.068351	0.339296	0.239658	
0.130987	0.072443	0.009574	0.001066	0.001571	0.141526	0.018771	0.005766	0.004025	0.006317	0.000762	0.016465	0.005027	0.000750	0.000556	0.002712	0.000349	0.081287	0.301016	0.199029	
0.001639	0.000511	0.003859	0.001494	0.006583	0.004852	0.008696	0.025913	0.041659	0.003281	0.002350	0.089736	0.018914	0.004048	0.005487	0.016204	0.002139	0.209516	0.167706	0.385413	
0.001697	0.000932	0.001681	0.002802	0.004002	0.006786	0.010721	0.055367	0.034603	0.004269	0.004625	0.037763	0.004102	0.005638	0.005128	0.003142	0.004722	0.089543	0.257998	0.464481	
0.000217	0.000101	0.000423	0.001901	0.004712	0.000392	0.001138	0.015086	0.007246	0.001381	0.006342	0.006867	0.003683	0.006298	0.012743	0.009573	0.015615	0.036489	0.467689	0.402103	
0.000373	0.000177	0.000522	0.000445	0.001185	0.000530	0.000453	0.013518	0.002539	0.001130	0.001474	0.005473	0.002808	0.002910	0.002822	0.002176	0.002560	0.035839	0.480947	0.442119	
0.000732	0.000674	0.000586	0.000979	0.001152	0.001204	0.001205	0.008047	0.003979	0.003325	0.003092	0.006482	0.002052	0.002862	0.002050	0.002021	0.002627	0.037882	0.526173	0.392873	
0.000529	0.000297	0.000442	0.000536	0.000836	0.000462	0.000493	0.010223	0.002463	0.002024	0.002539	0.005603	0.002104	0.002101	0.001582	0.002204	0.001918	0.050130	0.465328	0.448186	
0.000916	0.000474	0.000861	0.000991	0.001511	0.000870	0.001127	0.011982	0.004444	0.003719	0.004848	0.011457	0.003466	0.003437	0.002590	0.004142	0.003350	0.088406	0.437306	0.414104	
0.001005	0.000416	0.000787	0.001367	0.002214	0.001029	0.001674	0.020595	0.007991	0.003009	0.003865	0.020462	0.003138	0.002868	0.003198	0.004360	0.003224	0.138829	0.342671	0.437299	
0.000553	0.000167	0.001256	0.001185	0.003441	0.001170	0.001658	0.046855	0.019869	0.002203	0.004044	0.092363	0.006862	0.004244	0.005701	0.010462	0.004048	0.321482	0.125291	0.347146	
0.002564	0.001707	0.002538	0.006436	0.011910	0.012310	0.025565	0.054160	0.058223	0.007950	0.006236	0.221418	0.011466	0.005374	0.006413	0.014877	0.003462	0.274124	0.079954	0.193313	
0.000815	0.001364	0.005603	0.067505	0.026613	0.001328	0.009265	0.029161	0.020758	0.010523	0.031465	0.013905	0.074709	0.070283	0.143773	0.164546	0.083851	0.020516	0.145498	0.078518	
0.001112	0.000856	0.008763	0.001314	0.013538	0.001550	0.002318	0.004607	0.005988	0.002010	0.001146	0.019702	0.316763	0.008020	0.021072	0.310249	0.002002	0.062133	0.124371	0.092486	
0.013637	0.004942	0.023263	0.004580	0.011332	0.006941	0.007739	0.010033	0.013482	0.014671	0.008321	0.034976	0.078036	0.010311	0.009766	0.034789	0.006080	0.174836	0.297922	0.234342	
0.000932	0.000190	0.000952	0.004476	0.007245	0.002739	0.010511	0.027991	0.036016	0.004045	0.008169	0.099475	0.004974	0.003672	0.006445	0.012877	0.005872	0.454171	0.075375	0.233873	
0.000915	0.000214	0.001723	0.002923	0.003703	0.005359	0.017716	0.031541	0.161509	0.001706	0.001413	0.484976	0.007137	0.002218	0.003198	0.030415	0.001393	0.169352	0.020169	0.052418	
0.015869	0.023967	0.005071	0.000636	0.001836	0.795130	0.120044	0.001243	0.003220	0.002449	0.000197	0.006973	0.005481	0.000947	0.000838	0.002581	0.000193	0.006607	0.003037	0.003679	
0.001577	0.001548	0.017860	0.011830	0.047403	0.003521	0.008335	0.033446	0.024105	0.018811	0.031106	0.032007	0.119367	0.119823	0.203065	0.108793	0.086465	0.040972	0.036912	0.053055	
0.000567	0.000806	0.004020	0.011297	0.084871	0.002154	0.004726	0.008645	0.008241	0.006905	0.017378	0.007599	0.055903	0.052056	0.346978	0.232984	0.093424	0.011340	0.027216	0.022889	
0.004496	0.002803	0.020023	0.003917	0.010510	0.007946	0.003693	0.181261	0.083185	0.029443	0.019078	0.115520	0.035270	0.045621	0.016484	0.018222	0.017119	0.107730	0.084993	0.192687	
0.003981	0.012535	0.008338	0.016090	0.007533	0.006578	0.013003	0.010549	0.014444	0.339879	0.213765	0.021440	0.044397	0.087087	0.032893	0.042204	0.034948	0.028358	0.024800	0.037178	
0.006274	0.011878	0.011337	0.021688	0.008888	0.005397	0.011088	0.010127	0.010928	0.313501	0.236423	0.010594	0.033397	0.112603	0.024985	0.023734	0.057144	0.019853	0.031092	0.039068	
0.001751	0.001781	0.007433	0.016242	0.018234	0.001735	0.005346	0.024440	0.012006	0.071291	0.189588	0.012441	0.042546	0.127363	0.106447	0.047052	0.172272	0.023598	0.051123	0.067310	
0.001046	0.001234	0.003493	0.015853	0.018078	0.001135	0.003047	0.017068	0.006298	0.061058	0.204234	0.005587	0.012630	0.119974	0.116913	0.026576	0.275576	0.013788	0.051626	0.044786	
0.000490	0.000361	0.003530	0.016781	0.013475	0.000636	0.001565	0.057260	0.018141	0.025290	0.139144	0.013989	0.010689	0.145532	0.085889	0.016412	0.312657	0.018664	0.055332	0.064162	
0.006477	0.010258	0.024854	0.015199	0.016887	0.005727	0.008146	0.017695	0.011174	0.261318	0.143068	0.016726	0.055757	0.131856	0.055051	0.028969	0.082998	0.033125	0.031769	0.042946	
0.003247	0.005178	0.010242	0.017699	0.019439	0.005938	0.013266	0.019104	0.027130	0.207200	0.183371	0.041864	0.038320	0.115112	0.051993	0.025017	0.081363	0.059497	0.025678	0.049341	
0.000449	0.000430	0.006225	0.045091	0.029802	0.000993	0.003271	0.057305	0.058229	0.017497	0.115988	0.039600	0.021344	0.089748	0.112296	0.035463	0.261319	0.030124	0.028934	0.045890	
0.008283	0.003091	0.007529	0.010080	0.018995	0.003996	0.052166	0.011308	0.012330	0.016175	0.018318	0.020029	0.084179	0.018247	0.043971	0.555880	0.015050	0.031438	0.034750	0.034185	
0.040669	0.046453	0.019350	0.002738	0.003932	0.629605	0.086914	0.005606	0.015826	0.014137	0.001623	0.045329	0.012486	0.003194	0.001839	0.005326	0.000989	0.032022	0.014548	0.017414	
0.008505	0.009914	0.045863	0.003785	0.018106	0.015644	0.014533	0.022964	0.020634	0.027056	0.012201	0.032646	0.330547	0.053299	0.048809	0.192819	0.010419	0.048510	0.034694	0.049051	
0.001739	0.001402	0.013281	0.014407	0.021883	0.002386	0.007051	0.045359	0.041090	0.040250	0.085800	0.036988	0.061295	0.127316	0.123962	0.149202	0.114699	0.033936	0.035229	0.042724	
0.060910	0.138487	0.051751	0.009749	0.013709	0.146235	0.047879	0.011845	0.017857	0.217915	0.042326	0.019195	0.043486	0.057798	0.017708	0.018453	0.017535	0.023562	0.021684	0.021916	
0.001429	0.001859	0.017574	0.011071	0.015753	0.002035	0.002527	0.045271	0.032607	0.059151	0.119029	0.028444	0.059450	0.197415	0.116551	0.053284	0.152938	0.029018	0.020165	0.034428	
0.008198	0.009282	0.015590	0.027295	0.028002	0.021351	0.026608	0.078014	0.057751	0.103167	0.096505	0.067355	0.025242	0.109805	0.055413	0.026441	0.080606	0.068951	0.033816	0.060607	
0.007818	0.008134	0.015162	0.040883	0.057140	0.014124	0.038336	0.026774	0.034769	0.060616	0.078824	0.038883	0.060573	0.082570	0.105580	0.089260	0.099064	0.039282	0.050108	0.052103	
0.003194	0.004091	0.015569	0.064371	0.050200	0.001203	0.008648	0.003829	0.004248	0.034638	0.046798	0.003838	0.116478	0.047735	0.155787	0.258708	0.080961	0.010399	0.063820	0.025484	
0.003519	0.000596	0.006508	0.001283	0.016487	0.003038	0.003202	0.007829	0.014054	0.002444	0.002231	0.073400	0.067553	0.004262	0.014250	0.108351	0.003162	0.310182	0.176973	0.180676	
0.005470	0.002842	0.007395	0.014952	0.024832	0.036604	0.078895	0.050365	0.125607	0.022800	0.018426	0.190451	0.018832	0.016436	0.017857	0.023307	0.012809	0.177449	0.045100	0.109570	
0.005432	0.005707	0.019562	0.011450	0.014728	0.011758	0.017191	0.103780	0.060990	0.054164	0.046557	0.090536	0.060740	0.074350	0.048218	0.065152	0.034593	0.112012	0.058798	0.104284	
0.003416	0.003565	0.010157	0.030299	0.030351	0.007709	0.011746	0.053043	0.071627	0.071504	0.112016	0.071721	0.024851	0.108376	0.064294	0.031740	0.102461	0.073974	0.049667	0.067485	
0.002229	0.003318	0.010507	0.018893	0.046318	0.004718	0.012492	0.041605	0.033278	0.038500	0.069399	0.031567	0.066677	0.119030	0.164881	0.117773	0.113930	0.030363	0.033479	0.041041	
0.002236	0.003052	0.026518	0.016053	0.015141	0.002817	0.004371	0.059275	0.048367	0.081471	0.111136	0.030059	0.060609	0.207740	0.074735	0.066180	0.112303	0.024874	0.023562	0.029498	
0.063539	0.028204	0.201846	0.012954	0.022563	0.024793	0.029895	0.013702	0.049646	0.061403	0.012759	0.059701	0.161724	0.029087	0.016866	0.047579	0.010032	0.060460	0.052192	0.041055	
0.005201	0.000935	0.002507	0.003441	0.006017	0.015997	0.026730	0.045121	0.054482	0.004544	0.004218	0.107808	0.007793	0.003632	0.004667	0.012557	0.003291	0.373530	0.090137	0.227392	
0.001814	0.000721	0.006582	0.002557	0.002521	0.005603	0.006429	0.039234	0.132235	0.011418	0.005491	0.448617	0.012779	0.009071	0.003785	0.019117	0.002833	0.233469	0.014875	0.040847	
0.018432	0.029655	0.004495	0.001075	0.001702	0.785523	0.118842	0.001490	0.005159	0.002715	0.000246	0.010531	0.003989	0.000854	0.000666	0.001625	0.000204	0.007004	0.002318	0.003474	
0.001174	0.000915	0.015382	0.004336	0.014744	0.001314	0.003363	0.009897	0.006314	0.017628	0.023172	0.011736	0.254181	0.102476	0.173095	0.250457	0.043117	0.024864	0.018040	0.023796	
0.001014	0.001220	0.005408	0.018722	0.129506	0.005041	0.016057	0.011170	0.015167	0.006361	0.012988	0.026828	0.085633	0.025267	0.248197	0.270368	0.051825	0.023419	0.019777	0.026034	
0.000692	0.001043	0.005516	0.083825	0.037368	0.001648	0.008846	0.010239	0.015559	0.030498	0.095331	0.006375	0.038944	0.150957	0.171963	0.069295	0.236770	0.005940	0.016664	0.012526	
0.002058	0.002893	0.009548	0.002748	0.043476	0.004752	0.006748	0.005268	0.004472	0.006471	0.004408	0.015112	0.276034	0.014497	0.086055	0.419205	0.009466	0.025016	0.029324	0.032452	
0.000621	0.001053	0.004563	0.015148	0.025824	0.001720	0.002576	0.015017	0.006978	0.058678	0.202306	0.009666	0.026647	0.124853	0.133208	0.056641	0.249811	0.018636	0.018825	0.027229	
0.000746	0.001176	0.005338	0.013109	0.061472	0.001587	0.004541	0.012142	0.006260	0.018226	0.046345	0.009042	0.060365	0.080639	0.326282	0.139830	0.149536	0.014796	0.023182	0.025384	
0.000451	0.000516	0.009032	0.013513	0.026982	0.001143	0.001335	0.104306	0.045112	0.010239	0.044188	0.035800	0.035391	0.130937	0.154753	0.054828	0.204415	0.024527	0.042855	0.059677	
0.017671	0.024988	0.032703	0.027908	0.037744	0.018046	0.031487	0.019266	0.018570	0.123125	0.068312	0.021259	0.118337	0.087973	0.060915	0.123945	0.044416	0.031754	0.048041	0.043540	
0.011795	0.010002	0.070184	0.012696	0.015389	0.006216	0.010178	0.013190	0.035328	0.101178	0.045578	0.053794	0.229962	0.078024	0.032462	0.098775	0.022589	0.071338	0.039446	0.041876	
0.004588	0.002098	0.009260	0.010829	0.035144	0.011561	0.024083	0.017690	0.066294	0.020358	0.017457	0.154255	0.051887	0.015470	0.030447	0.086584	0.013528	0.249974	0.068783	0.109711	
0.005582	0.004948	0.017988	0.021161	0.027803	0.024508	0.046098	0.032337	0.111736	0.045183	0.029346	0.151280	0.070390	0.042444	0.041049	0.077295	0.023502	0.125179	0.036267	0.065904	
0.002854	0.002554	0.014643	0.014004	0.039595	0.007549	0.013540	0.046545	0.056256	0.025352	0.041452	0.091366	0.104710	0.066861	0.088327	0.116092	0.049304	0.094949	0.042525	0.081521	
0.003440	0.003300	0.027753	0.032794	0.025758	0.005515	0.014145	0.086922	0.103077	0.040218	0.065474	0.063216	0.062768	0.111791	0.074924	0.074885	0.088327	0.037593	0.033956	0.044144	
0.013216	0.004475	0.012384	0.026328	0.029686	0.012461	0.151014	0.013606	0.052205	0.020110	0.018431	0.050539	0.052481	0.015395	0.041991	0.332883	0.019871	0.042194	0.050240	0.040492	
0.050054	0.032942	0.009269	0.001154	0.003519	0.658995	0.097127	0.003638	0.009899	0.005951	0.000661	0.021081	0.007915	0.001474	0.001241	0.004209	0.000467	0.033008	0.027609	0.029789	
0.005036	0.003907	0.025596	0.003713	0.010116	0.012596	0.010680	0.073641	0.066722	0.017075	0.008709	0.088518	0.104208	0.038909	0.023338	0.044192	0.009703	0.107430	0.121826	0.224085	
0.001565	0.001476	0.004570	0.010432	0.014061	0.002083	0.004918	0.031739	0.013429	0.039861	0.095290	0.012869	0.030245	0.082235	0.098532	0.056882	0.108407	0.044534	0.165896	0.180975	
0.001772	0.001818	0.008136	0.007808	0.008108	0.002704	0.002817	0.054502	0.018633	0.068948	0.103968	0.023351	0.023917	0.136263	0.044987	0.017063	0.110313	0.044099	0.144304	0.176488	
0.000581	0.001125	0.002390	0.020116	0.015152	0.000947	0.002344	0.023558	0.005963	0.024312	0.124457	0.007133	0.015759	0.078822	0.131713	0.032072	0.245409	0.016292	0.143626	0.108231	
0.000801	0.000783	0.004905	0.021790	0.028655	0.000808	0.001759	0.028022	0.009171	0.024988	0.104987	0.008490	0.016605	0.097603	0.104271	0.022172	0.284687	0.019162	0.126867	0.093473	
0.002915	0.003242	0.013675	0.031632	0.048970	0.003283	0.008592	0.024741	0.016452	0.048345	0.081173	0.018097	0.042287	0.092936	0.139135	0.037441	0.188929	0.028864	0.091442	0.077851	
0.003611	0.004602	0.011620	0.032577	0.051480	0.007079	0.021271	0.021485	0.031106	0.104328	0.119333	0.027134	0.037941	0.102970	0.098408	0.043790	0.132645	0.037230	0.052379	0.059014	
0.002467	0.003778	0.017695	0.019190	0.017036	0.003116	0.006302	0.043300	0.026165	0.103794	0.143438	0.024522	0.045169	0.177488	0.078505	0.032211	0.141435	0.027166	0.039993	0.047231	
0.001654	0.001072	0.009788	0.026958	0.035980	0.001193	0.003213	0.062133	0.029509	0.014794	0.080718	0.026025	0.026644	0.060954	0.117131	0.060477	0.207252	0.040849	0.100072	0.093585	
0.036245	0.008618	0.032732	0.022205	0.043172	0.018338	0.063709	0.047446	0.055900	0.033410	0.023460	0.085993	0.043252	0.023389	0.038208	0.078543	0.027409	0.114637	0.095275	0.108058	
0.026406	0.019594	0.024222	0.010810	0.008784	0.121661	0.073856	0.053339	0.113072	0.036318	0.011597	0.168490	0.021007	0.018554	0.008006	0.013959	0.006718	0.119705	0.058056	0.085847	
0.004709	0.003749	0.016035	0.017020	0.027683	0.021284	0.039840	0.090452	0.090037	0.023365	0.028556	0.074030	0.061265	0.081926	0.074030	0.064756	0.044871	0.066896	0.064660	0.104835	
0.009006	0.008051	0.010652	0.012859	0.016568	0.015501	0.034707	0.044053	0.027949	0.061621	0.050699	0.043850	0.056523	0.051957	0.043703	0.067527	0.030556	0.090477	0.128182	0.195558	
0.005608	0.007197	0.009879	0.008018	0.009059	0.004801	0.006734	0.017821	0.010797	0.183858	0.175260	0.017239	0.049905	0.102231	0.041022	0.043402	0.056497	0.055646	0.082695	0.112329	
0.001780	0.002289	0.007570	0.021526	0.017094	0.002442	0.004184	0.032853	0.016157	0.066461	0.155181	0.020658	0.027628	0.126303	0.088226	0.024706	0.175783	0.034470	0.079068	0.095620	
0.002411	0.002999	0.007621	0.032258	0.025477	0.002963	0.007049	0.020471	0.015244	0.054265	0.119805	0.013003	0.028227	0.115215	0.099002	0.038849	0.187453	0.024283	0.120548	0.082854	
0.002576	0.001892	0.006890	0.014870	0.039110	0.002642	0.009536	0.024549	0.011880	0.028413	0.061794	0.017752	0.055489	0.069324	0.134230	0.086901	0.115412	0.045282	0.140291	0.131167	
0.004684	0.005182	0.010558	0.019673	0.030335	0.010079	0.018776	0.031490	0.025091	0.096849	0.125129	0.025796	0.028731	0.111903	0.071226	0.032799	0.123000	0.052027	0.083726	0.092944	
0.003756	0.002707	0.011831	0.019989	0.025986	0.005144	0.011828	0.053801	0.036843	0.090079	0.127364	0.042813	0.026517	0.112977	0.072754	0.026311	0.129131	0.071728	0.050349	0.078092	
0.003608	0.003028	0.008413	0.013120	0.029001	0.007939	0.018330	0.092141	0.041246	0.052604	0.078886	0.072388	0.032783	0.070329	0.073125	0.052285	0.072465	0.107705	0.055456	0.115151	
0.002133	0.002037	0.006545	0.013497	0.017798	0.003543	0.004172	0.144134	0.022248	0.017616	0.044193	0.050817	0.020287	0.058007	0.056303	0.018972	0.077797	0.083303	0.146009	0.210587	
0.001312	0.003431	0.005352	0.076712	0.018507	0.001413	0.005458	0.009849	0.006489	0.022531	0.044192	0.004372	0.057191	0.082096	0.099201	0.081696	0.089224	0.011679	0.290051	0.089246	
0.000596	0.000294	0.003207	0.000260	0.004104	0.000521	0.000647	0.003095	0.002904	0.000620	0.000336	0.015058	0.154069	0.001952	0.006605	0.154401	0.000569	0.079477	0.325881	0.245405	
0.001254	0.000422	0.000409	0.000910	0.001193	0.001397	0.002549	0.002915	0.001589	0.002108	0.002514	0.004711	0.003609	0.001272	0.002006	0.007567	0.001506	0.074420	0.529411	0.358237	
0.000571	0.000146	0.000461	0.000668	0.001435	0.001004	0.001054	0.007811	0.004991	0.000998	0.001536	0.027732	0.002789	0.001204	0.002115	0.003657	0.001500	0.215176	0.276608	0.448545	
0.000237	0.000085	0.000691	0.002105	0.003200	0.000562	0.001170	0.044351	0.032696	0.000792	0.001625	0.128954	0.004002	0.001376	0.002649	0.007250	0.001736	0.293990	0.108357	0.364172	
0.000971	0.000231	0.002567	0.001776	0.004213	0.002946	0.011418	0.043930	0.094826	0.001238	0.001291	0.364917	0.018776	0.002818	0.004545	0.072170	0.001362	0.215093	0.046228	0.108681	
0.016021	0.016051	0.003578	0.001286	0.003465	0.652764	0.255650	0.003398	0.006945	0.001431	0.000232	0.011451	0.003232	0.000619	0.001000	0.002628	0.000263	0.008471	0.004685	0.006827	
0.008163	0.008400	0.077732	0.007553	0.015973	0.013341	0.014136	0.040792	0.046524	0.059127	0.023222	0.048570	0.228925	0.126889	0.050051	0.075060	0.023314	0.046523	0.033766	0.051940	
0.004005	0.004578	0.011802	0.035384	0.072887	0.008900	0.037158	0.021861	0.027781	0.040192	0.048921	0.028930	0.086719	0.068528	0.170520	0.102025	0.079394	0.033269	0.051616	0.065532	
0.000523	0.000723	0.004052	0.020824	0.039881	0.001251	0.004336	0.015723	0.013178	0.028794	0.121016	0.007466	0.028049	0.114034	0.193926	0.068385	0.271242	0.010480	0.025978	0.030138	
0.001243	0.001512	0.007447	0.017647	0.020757	0.001639	0.002106	0.050020	0.009935	0.037574	0.100172	0.011601	0.023930	0.148927	0.133069	0.019373	0.257726	0.017948	0.061440	0.075934	
0.001434	0.003011	0.006139	0.028521	0.030771	0.002690	0.006510	0.008328	0.009227	0.109906	0.162139	0.005772	0.020662	0.160295	0.120386	0.022665	0.244235	0.007417	0.027940	0.021951	
0.000975	0.001288	0.009093	0.017868	0.023384	0.000856	0.003107	0.016095	0.008070	0.080816	0.174647	0.006424	0.039263	0.178558	0.125299	0.022666	0.234013	0.010091	0.019559	0.027927	
0.000766	0.001825	0.004563	0.015062	0.014708	0.001773	0.004929	0.007032	0.008470	0.171455	0.242901	0.005470	0.018612	0.181872	0.077301	0.016515	0.193331	0.007133	0.011689	0.014594	
0.000532	0.000956	0.003649	0.007679	0.003490	0.000519	0.000996	0.011030	0.003998	0.206788	0.347217	0.004335	0.010387	0.188073	0.030506	0.004898	0.145777	0.008381	0.006902	0.013887	
0.000419	0.000857	0.002953	0.010086	0.017095	0.000779	0.001706	0.011013	0.005387	0.062465	0.178700	0.009644	0.022730	0.147850	0.161721	0.042358	0.263282	0.016806	0.018582	0.025568	
0.000098	0.000229	0.002810	0.014389	0.018460	0.000306	0.000779	0.020748	0.008243	0.017105	0.101240	0.006488	0.023265	0.203414	0.192756	0.031547	0.326779	0.005586	0.010890	0.014869	
0.000950	0.001318	0.050649	0.004625	0.011110	0.000280	0.000780	0.001607	0.002287	0.020132	0.012017	0.003477	0.613524	0.050294	0.039580	0.146255	0.014167	0.005991	0.012279	0.008676	
0.010439	0.001723	0.004514	0.004363	0.006699	0.004053	0.014463	0.018595	0.018270	0.012266	0.012039	0.056603	0.023365	0.005086	0.006216	0.047424	0.004908	0.328305	0.171387	0.249284	
0.004446	0.000950	0.004426	0.005554	0.006341	0.022268	0.079359	0.013746	0.222367	0.004387	0.001774	0.463278	0.005036	0.001672	0.002480	0.017435	0.001449	0.105797	0.013742	0.023495	
0.008470	0.016879	0.003879	0.000616	0.001391	0.857628	0.083025	0.000965	0.003853	0.002602	0.000188	0.006352	0.003114	0.000861	0.000659	0.001154	0.000198	0.003871	0.001837	0.002457	
0.001063	0.000752	0.015818	0.002754	0.017874	0.001634	0.003430	0.021252	0.011241	0.009166	0.011096	0.019450	0.258804	0.085932	0.157822	0.229170	0.031432	0.030203	0.040218	0.050890	
0.000953	0.001287	0.004303	0.014222	0.029037	0.001837	0.005681	0.016247	0.007948	0.028641	0.076925	0.007549	0.045354	0.103850	0.241345	0.153831	0.155202	0.014582	0.049411	0.041797	
0.002321	0.001991	0.009431	0.011646	0.019077	0.004339	0.007261	0.073531	0.038754	0.068263	0.120942	0.038107	0.033672	0.132656	0.065412	0.041363	0.112438	0.049240	0.059052	0.110504	
0.002564	0.004390	0.008151	0.012266	0.018257	0.003991	0.004712	0.026638	0.008430	0.131520	0.180794	0.015786	0.035557	0.127775	0.100286	0.036680	0.135398	0.035832	0.041463	0.069510	
0.004025	0.006708	0.014361	0.026633	0.016233	0.005877	0.007103	0.025289	0.022795	0.183603	0.188588	0.020916	0.020358	0.171212	0.054282	0.017027	0.148488	0.020380	0.019127	0.026994	
0.000985	0.001150	0.005237	0.019248	0.046958	0.001381	0.006988	0.031065	0.015305	0.029962	0.125166	0.019567	0.044660	0.092779	0.197411	0.083725	0.185362	0.031491	0.019107	0.042453	
0.003163	0.002870	0.016476	0.080138	0.032159	0.008240	0.016410	0.070731	0.094322	0.038197	0.069163	0.127030	0.033123	0.068338	0.038345	0.031532	0.074096	0.069229	0.046757	0.079681	
0.223567	0.502041	0.066420	0.002874	0.000566	0.022931	0.006396	0.001086	0.000383	0.072991	0.004598	0.000653	0.046005	0.011350	0.001621	0.006848	0.001108	0.002722	0.020468	0.005372	
0.000326	0.000271	0.003685	0.001736	0.039215	0.000846	0.002266	0.004407	0.008687	0.002341	0.003412	0.044542	0.241621	0.007154	0.062146	0.400842	0.005880	0.079884	0.033423	0.057315	
0.001911	0.003136	0.008962	0.017713	0.032208	0.008888	0.014288	0.014857	0.013580	0.082412	0.119297	0.011407	0.046934	0.156618	0.146133	0.076692	0.161256	0.019313	0.032402	0.031994	
0.000593	0.000700	0.003344	0.022487	0.048793	0.001092	0.005320	0.015058	0.009469	0.026090	0.115787	0.008893	0.017722	0.101205	0.208070	0.029020	0.331909	0.011621	0.017984	0.024843	
0.000247	0.000304	0.002830	0.023543	0.060200	0.000606	0.001674	0.014251	0.009531	0.007878	0.048289	0.007315	0.019231	0.071778	0.285024	0.068239	0.319128	0.008580	0.026649	0.024702	
0.004207	0.002675	0.020924	0.008021	0.011998	0.005244	0.004817	0.107555	0.034061	0.059443	0.053535	0.061578	0.056954	0.114756	0.039938	0.034353	0.052150	0.094465	0.078980	0.154347	
0.007895	0.017144	0.012807	0.048362	0.039055	0.016540	0.080597	0.010157	0.021374	0.122324	0.111366	0.026671	0.079157	0.065796	0.078971	0.110081	0.055510	0.025366	0.035414	0.035417	
0.007485	0.006126	0.019183	0.020128	0.051177	0.010829	0.022735	0.023408	0.023232	0.048549	0.055433	0.030966	0.096723	0.065810	0.094438	0.122216	0.059147	0.061710	0.079962	0.100744	
0.004791	0.003089	0.013747	0.041933	0.048918	0.006370	0.023921	0.059597	0.086133	0.038119	0.057924	0.058985	0.034280	0.055479	0.058337	0.036831	0.073815	0.063076	0.099370	0.135284	
0.004200	0.004756	0.011008	0.011932	0.010481	0.006319	0.009065	0.025196	0.025971	0.077894	0.076711	0.039499	0.051177	0.093394	0.041229	0.047208	0.048224	0.094517	0.156529	0.164691	
0.005443	0.003065	0.005352	0.015644	0.019590	0.006114	0.015233	0.021072	0.017301	0.016948	0.028157	0.033499	0.034605	0.023254	0.034679	0.065629	0.026845	0.109081	0.268090	0.250400	
0.008003	0.003068	0.010642	0.006488	0.009201	0.005414	0.008490	0.046223	0.023626	0.035903	0.043092	0.060770	0.032146	0.041174	0.022459	0.035442	0.026088	0.186351	0.171464	0.223955	
0.004598	0.003706	0.007338	0.028744	0.027513	0.025170	0.072521	0.061014	0.109118	0.026635	0.029274	0.163009	0.023854	0.024733	0.031283	0.032600	0.024966	0.119522	0.062301	0.122102	
0.001762	0.002136	0.010213	0.018175	0.032787	0.004331	0.009632	0.037220	0.030883	0.034928	0.070608	0.040403	0.070686	0.087883	0.135622	0.155010	0.102406	0.049561	0.044431	0.061324	
0.002301	0.003789	0.011034	0.027417	0.052258	0.005967	0.014476	0.034063	0.023736	0.033207	0.071623	0.025178	0.051935	0.115394	0.198886	0.081102	0.165867	0.021346	0.027812	0.032608	
0.001057	0.001043	0.008681	0.038055	0.102776	0.002581	0.006603	0.039239	0.042664	0.014032	0.062177	0.026964	0.028478	0.071122	0.168057	0.059207	0.229989	0.025960	0.030658	0.040658	
0.019430	0.020928	0.175338	0.005080	0.003958	0.008370	0.003203	0.038968	0.022783	0.128476	0.025878	0.031617	0.168759	0.178550	0.016011	0.022946	0.017176	0.038711	0.036945	0.036870	
0.015979	0.008071	0.015296	0.013662	0.028349	0.019229	0.031886	0.039320	0.050857	0.020965	0.017729	0.095685	0.035217	0.014965	0.026016	0.053554	0.016940	0.158891	0.158763	0.178627	
0.009194	0.003966	0.017283	0.013604	0.018152	0.032186	0.045672	0.049704	0.095851	0.021495	0.017297	0.140048	0.050341	0.038702	0.031075	0.061232	0.019403	0.118597	0.093711	0.122488	
0.022179	0.024983	0.016745	0.022163	0.027435	0.083417	0.189192	0.036219	0.045724	0.037860	0.023591	0.055205	0.058881	0.029831	0.032458	0.068421	0.016108	0.056589	0.065439	0.087560	
0.003599	0.006362	0.015407	0.008975	0.008805	0.004553	0.005904	0.020951	0.013930	0.191942	0.167508	0.014664	0.053467	0.202162	0.059788	0.038741	0.085531	0.026697	0.029281	0.041731	
0.003313	0.005576	0.009033	0.029694	0.020987	0.004954	0.006563	0.021008	0.014586	0.097711	0.153400	0.012450	0.022327	0.161983	0.096358	0.023457	0.205619	0.019658	0.050099	0.041225	
0.002486	0.002927	0.009813	0.022419	0.040467	0.003340	0.007300	0.016850	0.018223	0.057425	0.106873	0.016232	0.048839	0.143552	0.147092	0.058840	0.183389	0.027135	0.042461	0.044335	
0.002496	0.003648	0.011373	0.030084	0.046687	0.003732	0.009591	0.018505	0.020726	0.077038	0.100146	0.029390	0.064638	0.102665	0.128884	0.079057	0.123261	0.046363	0.046664	0.055054	
0.002155	0.002329	0.012578	0.023693	0.033659	0.005759	0.010735	0.047383	0.078362	0.040615	0.064764	0.076724	0.059217	0.102562	0.081197	0.066811	0.084004	0.070619	0.054486	0.082349	
0.004583	0.002961	0.020690	0.012583	0.027848	0.003660	0.007336	0.046544	0.028090	0.027463	0.039762	0.054901	0.109647	0.059474	0.068121	0.091811	0.046716	0.096827	0.116592	0.134391	
0.006623	0.004746	0.018918	0.068141	0.038796	0.008004	0.039775	0.041646	0.087478	0.036232	0.060815	0.061156	0.050245	0.048803	0.058885	0.090282	0.068919	0.055115	0.076266	0.079154	
0.015597	0.006041	0.010734	0.010040	0.016893	0.028309	0.129859	0.016086	0.052007	0.013536	0.007862	0.098950	0.066952	0.010474	0.019368	0.223679	0.006123	0.102951	0.077165	0.087373	
0.061016	0.068738	0.013148	0.001782	0.003094	0.589402	0.107336	0.004490	0.008822	0.010290	0.001101	0.018653	0.011441	0.002483	0.001789	0.004831	0.000715	0.025671	0.032413	0.032783	
0.003040	0.002188	0.009558	0.009988	0.033476	0.008930	0.021040	0.040550	0.043466	0.016278	0.025111	0.049198	0.073057	0.053540	0.093378	0.093233	0.042703	0.083377	0.105461	0.192428	
0.004512	0.004812	0.008189	0.012425	0.029433	0.008325	0.018878	0.024287	0.021646	0.040173	0.044439	0.027820	0.060625	0.056380	0.090241	0.114813	0.049975	0.070130	0.156136	0.156761	
0.003773	0.002195	0.007409	0.012962	0.019725	0.006875	0.013063	0.041526	0.044901	0.059432	0.084244	0.061126	0.025287	0.076242	0.044003	0.037231	0.068850	0.113153	0.119598	0.158402	
0.003099	0.002846	0.007142	0.011975	0.034767	0.006846	0.014567	0.052217	0.023531	0.023000	0.037912	0.036138	0.044919	0.047833	0.115213	0.097488	0.062157	0.064418	0.147731	0.166201	
0.001100	0.001108	0.005015	0.011701	0.013947	0.002013	0.001879	0.166403	0.033287	0.013559	0.046036	0.033986	0.010934	0.061786	0.053687	0.015771	0.106165	0.053365	0.166310	0.201949	
0.002334	0.003388	0.009494	0.017165	0.038793	0.005141	0.008610	0.048278	0.044536	0.049990	0.068809	0.042868	0.053900	0.093709	0.062954	0.060779	0.066414	0.061471	0.119713	0.141655	
0.003188	0.006648	0.050169	0.003683	0.002730	0.001873	0.001519	0.015241	0.012031	0.146426	0.047193	0.015113	0.198134	0.236033	0.020446	0.026400	0.023137	0.030262	0.086380	0.073393	
0.001353	0.000328	0.000328	0.001191	0.001567	0.001071	0.003006	0.003938	0.003370	0.001456	0.001952	0.008887	0.002262	0.000807	0.001538	0.004856	0.001211	0.091986	0.467404	0.401490	
0.000606	0.000120	0.000216	0.000206	0.000409	0.000686	0.000654	0.003970	0.002238	0.000505	0.000494	0.013269	0.001663	0.000425	0.000605	0.002128	0.000342	0.151521	0.353720	0.466224	
0.000488	0.000174	0.000287	0.001501	0.003289	0.001513	0.002344	0.011631	0.015827	0.000309	0.000378	0.066787	0.000942	0.000201	0.000723	0.001635	0.000428	0.218521	0.220906	0.452116	
0.000386	0.000086	0.000570	0.000695	0.002013	0.001385	0.001817	0.015853	0.024197	0.000265	0.000298	0.061874	0.003623	0.000874	0.002046	0.006007	0.000644	0.230820	0.265456	0.381090	
0.001269	0.000256	0.000696	0.000735	0.002255	0.001865	0.004913	0.023661	0.007243	0.001028	0.001446	0.044070	0.007186	0.001777	0.003060	0.015452	0.001046	0.301738	0.188067	0.392237	
0.000644	0.000261	0.000754	0.000614	0.006281	0.005451	0.006490	0.051824	0.035706	0.000504	0.000397	0.215044	0.004821	0.000486	0.001790	0.009041	0.000378	0.292852	0.078800	0.287861	
0.000195	0.000305	0.001736	0.613995	0.058919	0.000279	0.017044	0.004509	0.033700	0.005427	0.018288	0.004281	0.006206	0.011611	0.080460	0.032358	0.072991	0.002740	0.024704	0.010250	
0.000716	0.000036	0.000337	0.000039	0.000880	0.000435	0.000477	0.001401	0.002828	0.000065	0.000035	0.024340	0.004079	0.000061	0.000223	0.004355	0.000033	0.424740	0.193990	0.340933	
0.000319	0.000096	0.000263	0.000250	0.000612	0.001324	0.000633	0.008130	0.005302	0.001015	0.000869	0.056193	0.001776	0.000696	0.000630	0.001772	0.000373	0.478908	0.115593	0.325248	
0.000112	0.000051	0.000408	0.000820	0.001463	0.001290	0.000912	0.065406	0.053979	0.000175	0.000233	0.193380	0.002091	0.000949	0.001279	0.002799	0.000488	0.236463	0.112322	0.325379	
0.001159	0.000285	0.000677	0.001664	0.002561	0.000591	0.001578	0.005623	0.003425	0.000784	0.001279	0.012198	0.008414	0.001468	0.003037	0.016043	0.001151	0.148899	0.472913	0.316253	
0.001135	0.000209	0.000707	0.000308	0.003017	0.003472	0.002421	0.015407	0.009429	0.000894	0.000634	0.094300	0.003641	0.000665	0.001394	0.006212	0.000462	0.480709	0.093743	0.281240	
0.000911	0.000972	0.004044	0.007882	0.007841	0.006370	0.005217	0.133913	0.169357	0.010301	0.011383	0.256776	0.005229	0.011755	0.006652	0.004324	0.007798	0.164778	0.046315	0.138181	
0.000940	0.000757	0.006463	0.018301	0.054919	0.001360	0.005105	0.037180	0.017238	0.014954	0.057116	0.012021	0.032929	0.082783	0.241657	0.122092	0.183732	0.022734	0.041272	0.046446	
0.001709	0.000791	0.005144	0.006141	0.015341	0.004585	0.004784	0.231445	0.063569	0.007650	0.010194	0.095128	0.010566	0.021555	0.025436	0.010204	0.024408	0.100174	0.109771	0.251406	
0.000389	0.000972	0.001614	0.035480	0.012041	0.000725	0.002194	0.011966	0.007231	0.052854	0.297958	0.004331	0.005548	0.104187	0.083755	0.011094	0.313800	0.007501	0.024764	0.021595	
0.001187	0.001793	0.005384	0.028665	0.025399	0.000987	0.002031	0.016368	0.004983	0.046555	0.177392	0.006469	0.019185	0.140765	0.108371	0.017351	0.313451	0.015152	0.031666	0.036844	
0.001775	0.003815	0.008232	0.044708	0.052541	0.002186	0.006207	0.013809	0.010624	0.065553	0.149407	0.010511	0.025272	0.118356	0.139183	0.026401	0.254801	0.013803	0.027941	0.024875	
0.006102	0.008430	0.022704	0.044268	0.062804	0.007737	0.018154	0.022878	0.028849	0.090772	0.104731	0.022068	0.049583	0.136971	0.114671	0.035115	0.146724	0.021947	0.024601	0.030891	
0.010272	0.011368	0.029155	0.024844	0.052420	0.015594	0.033698	0.042590	0.070299	0.060098	0.047320	0.071587	0.101214	0.061021	0.060574	0.089947	0.040994	0.059300	0.047345	0.070359	
0.012455	0.023309	0.029559	0.039093	0.022818	0.006830	0.030666	0.005977	0.011815	0.284724	0.158158	0.009853	0.071591	0.073765	0.051117	0.061327	0.053426	0.017431	0.018576	0.017510	
0.003279	0.000840	0.006457	0.007191	0.021232	0.004528	0.011379	0.017816	0.060883	0.005512	0.007641	0.115706	0.038077	0.008877	0.018135	0.071007	0.008920	0.234674	0.159854	0.197993	
0.012443	0.003110	0.009591	0.007237	0.010397	0.014147	0.017119	0.026143	0.028772	0.007519	0.006365	0.074214	0.025208	0.007541	0.011021	0.032307	0.006342	0.239152	0.234455	0.226916	
0.006675	0.001913	0.005766	0.005987	0.011005	0.018111	0.032014	0.041058	0.049598	0.011250	0.009431	0.156675	0.023961	0.012638	0.011397	0.035869	0.006508	0.329254	0.070233	0.160657	
0.004522	0.002965	0.012310	0.033665	0.045930	0.013097	0.024268	0.080068	0.169354	0.010685	0.011573	0.262360	0.015958	0.013729	0.025422	0.020865	0.017948	0.125452	0.037438	0.072391	
0.003385	0.003214	0.015607	0.025676	0.040078	0.020050	0.047338	0.036964	0.103412	0.034517	0.040626	0.072721	0.075740	0.115017	0.093503	0.111812	0.058463	0.042184	0.023136	0.036558	
0.017268	0.016348	0.038185	0.011961	0.025618	0.020279	0.028911	0.050365	0.025743	0.061969	0.035788	0.046900	0.142768	0.069148	0.063470	0.095200	0.030187	0.064755	0.065379	0.089759	
0.003237	0.006342	0.012109	0.015390	0.014190	0.005210	0.008793	0.011290	0.014739	0.201847	0.193983	0.012587	0.052866	0.171173	0.069302	0.054098	0.089854	0.020431	0.019074	0.023486	
0.002375	0.004137	0.010456	0.020565	0.016257	0.003414	0.005835	0.021388	0.018638	0.165477	0.221055	0.016441	0.025385	0.190965	0.059635	0.015658	0.145374	0.018035	0.015284	0.023625	
0.001784	0.003437	0.007733	0.023745	0.034410	0.003401	0.006147	0.015265	0.011152	0.060194	0.132442	0.008918	0.028137	0.148758	0.172374	0.040436	0.254725	0.010718	0.017702	0.018521	
0.001131	0.001349	0.009277	0.017160	0.038146	0.001494	0.003629	0.018950	0.014968	0.075703	0.162154	0.010973	0.034603	0.182403	0.130093	0.039317	0.217227	0.013531	0.010622	0.017269	
0.007027	0.017035	0.056973	0.024969	0.020644	0.007215	0.012821	0.009147	0.019380	0.235544	0.087259	0.014021	0.110641	0.189417	0.056786	0.042110	0.062807	0.010353	0.007853	0.007998	
0.002629	0.001667	0.012989	0.007553	0.022762	0.004954	0.006718	0.021354	0.065863	0.028374	0.024225	0.152539	0.109885	0.029820	0.027018	0.098500	0.014135	0.238314	0.042023	0.088678	
0.006247	0.005073	0.030731	0.017002	0.032414	0.010147	0.014106	0.030628	0.069227	0.066588	0.038633	0.157838	0.109927	0.042668	0.035121	0.081588	0.022348	0.132293	0.034949	0.062473	
0.002620	0.005783	0.009889	0.081184	0.016765	0.004085	0.026072	0.005196	0.013861	0.057672	0.050366	0.015295	0.172248	0.072878	0.079432	0.230896	0.038168	0.023889	0.058887	0.034815	
0.000766	0.000358	0.004366	0.001264	0.012344	0.000799	0.001168	0.002537	0.004478	0.001430	0.001597	0.028041	0.199762	0.003883	0.019049	0.278475	0.002144	0.161068	0.143154	0.133319	
0.003488	0.001531	0.005523	0.002660	0.013405	0.012805	0.009653	0.021607	0.022556	0.005124	0.005074	0.096360	0.046635	0.008689	0.015518	0.062435	0.005329	0.283081	0.151513	0.227014	
0.004066	0.002635	0.010806	0.016110	0.030916	0.010857	0.018286	0.087022	0.073262	0.018235	0.024024	0.141953	0.035787	0.034886	0.044815	0.044385	0.029394	0.166613	0.063242	0.142707	
0.004658	0.005189	0.017521	0.044514	0.059051	0.012980	0.033562	0.074624	0.132206	0.021455	0.025689	0.106282	0.049324	0.052819	0.079710	0.101079	0.049028	0.046439	0.037467	0.046404	
0.004951	0.005319	0.015060	0.050866	0.036492	0.009463	0.036132	0.029803	0.067167	0.042298	0.060861	0.045187	0.068787	0.091111	0.090427	0.151509	0.079182	0.035441	0.040473	0.039470	
0.058086	0.061345	0.078075	0.003121	0.015618	0.099009	0.040206	0.009822	0.020166	0.028791	0.004615	0.048461	0.214359	0.017123	0.015424	0.132912	0.003433	0.063043	0.045298	0.041094	
